frame_id,index_x_coor,index_y_coor,index_z_coor,palm_x_coor,palm_y_coor,palm_z_coor,index_x_velocity,index_y_velocity,index_z_velocity,palm_velocity_x,palm_velocity_y,palm_velocity_z,confidence,hand_grab_angle,hand_grab_strength,armPosition_x,armPosition_y,armPosition_z,tip_rotation_x,tip_rotation_y,tip_rotation_z,tip_rotation_w,target
77328,-194.5066375732422,234.46054077148438,-31.963478088378906,-135.56411743164062,177.9891357421875,83.85531616210938,-18.657887859386392,-34.131922642933205,-3.46757400133356,34.382816314697266,-53.84341049194336,-19.773311614990234,0.7641276121139526,2.6179301738739014,0.0,-100.224609375,142.0806121826172,134.536376953125,0.20597422122955322,0.3164025545120239,-0.13497062027454376,0.9161041975021362,1
77329,-194.8688201904297,234.5081787109375,-31.79671859741211,-135.89645385742188,177.4403533935547,83.48542785644531,-43.20326982624829,5.682533215265721,19.89205152989598,-7.705329895019531,-65.62979888916016,-43.7879753112793,0.7637898325920105,2.612147331237793,0.0,-100.4500732421875,141.8614501953125,134.22476196289062,0.2177152782678604,0.3185931444168091,-0.13480497896671295,0.9126478433609009,1
77331,-195.4219512939453,234.85008239746094,-31.52239418029785,-136.52508544921875,176.297607421875,82.60079956054688,-66.04024645639583,40.82107040961273,32.752546367555624,-7.894748687744141,-68.28230285644531,-51.89027404785156,0.7627910375595093,2.6010704040527344,0.0,-100.88938903808594,141.45120239257812,133.6168212890625,0.23983661830425262,0.32426583766937256,-0.13462544977664948,0.9051000475883484,1
77333,-197.11598205566406,236.7375030517578,-31.83576774597168,-137.488037109375,175.81272888183594,82.0056381225586,-202.53835250856355,225.66005201940425,-37.46694991944241,-26.41938018798828,-36.894039154052734,-38.230281829833984,0.7626664042472839,2.5998125076293945,0.0,-101.60084533691406,141.5458221435547,133.1765594482422,0.26174283027648926,0.3328191936016083,-0.13174137473106384,0.8963070511817932,1
77335,-197.54360961914062,239.0672607421875,-32.123329162597656,-138.33042907714844,175.4073944091797,81.68706512451172,-51.01804134028498,277.95138647488784,-34.307471019928926,-15.79888916015625,-24.303394317626953,-21.21200942993164,0.7629626393318176,2.59615159034729,0.0,-102.07905578613281,141.4512939453125,132.84596252441406,0.2848430275917053,0.32684072852134705,-0.13756994903087616,0.8905695080757141,1
77337,-197.4567413330078,239.8736572265625,-31.211692810058594,-138.5872039794922,174.86001586914062,81.11583709716797,10.376187201123685,96.32192889600992,108.89255301794037,15.155294418334961,-31.20392417907715,-29.761966705322266,0.7653069496154785,2.6061956882476807,0.0,-102.23257446289062,141.2230224609375,132.37457275390625,0.29486095905303955,0.31933528184890747,-0.14482757449150085,0.8888795971870422,1
77339,-197.3798828125,239.58323669433594,-30.316116333007812,-138.87696838378906,174.60140991210938,80.96795654296875,9.17239113652613,-34.65914641681593,106.87920722266426,17.539302825927734,-16.5339412689209,-7.843071937561035,0.7677326202392578,2.607912302017212,0.0,-102.38165283203125,141.27320861816406,132.3375244140625,0.2901179790496826,0.3108336329460144,-0.15156103670597076,0.8923246264457703,1
77340,-197.22384643554688,239.52938842773438,-30.226028442382812,-138.94277954101562,174.39712524414062,80.93440246582031,18.637885234318674,-6.431947681587189,10.76061748713255,24.301605224609375,-24.248777389526367,-3.4045307636260986,0.7677745819091797,2.6030945777893066,0.0,-102.33473205566406,141.12228393554688,132.29212951660156,0.2919032573699951,0.30814695358276367,-0.1549503356218338,0.8920921087265015,1
77342,-196.38510131835938,239.3936309814453,-29.62991714477539,-139.1298370361328,173.8722381591797,80.52213287353516,100.17658327706158,-16.21436220011674,71.19730633712607,14.441650390625,-27.06911849975586,-26.89273452758789,0.7663907408714294,2.5970728397369385,0.0,-102.32829284667969,140.7060546875,131.83753967285156,0.29519274830818176,0.29897239804267883,-0.16543130576610565,0.8922495245933533,1
77344,-194.9889373779297,238.54074096679688,-28.365367889404297,-139.25491333007812,173.28875732421875,80.11441040039062,166.89213407819625,-101.95123262878042,151.1594145676936,37.878787994384766,-30.931171417236328,-20.18651008605957,0.7661863565444946,2.5848476886749268,0.0,-102.37434387207031,140.38839721679688,131.5228729248047,0.29005199670791626,0.28482741117477417,-0.17488811910152435,0.8967481851577759,1
77346,-194.27964782714844,236.61642456054688,-27.939090728759766,-139.06484985351562,172.7035675048828,80.17696380615234,84.63065943866968,-229.60463219881058,50.862327196635306,32.54747772216797,-22.300256729125977,13.628498077392578,0.7594213485717773,2.5765011310577393,0.0,-102.10321044921875,140.0262451171875,131.67445373535156,0.2740532457828522,0.2832491397857666,-0.17838387191295624,0.9015785455703735,1
77348,-194.91189575195312,235.56973266601562,-27.758243560791016,-139.25802612304688,172.57965087890625,80.37794494628906,-75.53438057540916,-125.04781875107437,21.605731352232397,19.491775512695312,1.00177001953125,16.908838272094727,0.7567080855369568,2.5680580139160156,0.0,-102.22990417480469,140.01760864257812,131.9342803955078,0.2595349848270416,0.28752601146698,-0.17988890409469604,0.9042180776596069,1
77350,-195.02908325195312,234.57081604003906,-27.58753776550293,-139.43392944335938,172.58619689941406,80.93087005615234,-13.997737169265747,-119.31795101379976,20.390356102085207,30.069711685180664,6.419452667236328,39.752994537353516,0.75278639793396,2.5639400482177734,0.0,-102.36824035644531,140.1671142578125,132.52642822265625,0.2454528957605362,0.28721749782562256,-0.18523886799812317,0.9071634411811829,1
77352,-195.1741180419922,234.5155029296875,-27.980083465576172,-139.48524475097656,172.80908203125,81.45124816894531,-17.313681868254207,-6.603061206988059,-46.860559235399705,32.14469528198242,18.779142379760742,32.6341438293457,0.7479671239852905,2.5624771118164062,0.0,-102.39163208007812,140.24850463867188,132.95704650878906,0.2392967790365219,0.2912764549255371,-0.19097356498241425,0.906324565410614,1
77354,-194.97860717773438,234.79910278320312,-28.1903076171875,-139.89772033691406,173.3202667236328,81.7287826538086,23.344580717850477,33.862668947316706,-25.1013911414193,7.845207214355469,30.584735870361328,11.078521728515625,0.745913565158844,2.560131072998047,0.0,-102.66630554199219,140.66256713867188,133.03294372558594,0.23550128936767578,0.28920695185661316,-0.19571302831172943,0.9069701433181763,1
77355,-195.10850524902344,234.8325958251953,-28.165395736694336,-140.18710327148438,173.54296875,81.80929565429688,-15.533091686316766,4.005067103425972,2.9789397174172336,-2.5613861083984375,27.008220672607422,10.290939331054688,0.7446577548980713,2.558032751083374,0.0,-102.86491394042969,140.85752868652344,133.02362060546875,0.232278510928154,0.2884596884250641,-0.19649027287960052,0.9078707098960876,1
77357,-195.36248779296875,235.1718292236328,-27.92043685913086,-140.5682373046875,173.94264221191406,81.80644226074219,-30.326676836702973,40.506018590182066,29.249209818721283,9.820409774780273,25.847692489624023,1.7718479633331299,0.7427945733070374,2.5554988384246826,0.0,-103.206787109375,141.233642578125,132.978759765625,0.22942745685577393,0.2880115807056427,-0.199395552277565,0.9081044793128967,1
77359,-195.84194946289062,235.7155303955078,-28.049293518066406,-140.88584899902344,174.34368896484375,81.72551727294922,-57.26054907613434,64.93246402777731,-15.388932016125182,13.719602584838867,21.336341857910156,-7.65231990814209,0.741395890712738,2.552955389022827,0.0,-103.48857116699219,141.61367797851562,132.85910034179688,0.22921618819236755,0.29185113310813904,-0.20140786468982697,0.906486451625824,1
77361,-195.9773712158203,236.06846618652344,-27.886669158935547,-141.04840087890625,174.6429443359375,81.62310028076172,-16.170620059710927,42.1438244485762,19.418864894803846,21.749950408935547,22.696653366088867,-7.762629508972168,0.7421044111251831,2.5516631603240967,0.0,-103.63087463378906,141.9500274658203,132.75572204589844,0.22857998311519623,0.29206201434135437,-0.20360517501831055,0.9060882329940796,1
77363,-196.2377471923828,236.45953369140625,-27.820817947387695,-141.29031372070312,175.0705108642578,81.50252532958984,-31.098333885893226,46.707641769899055,7.865022689657053,18.925390243530273,25.435611724853516,-4.7805609703063965,0.7423702478408813,2.5516254901885986,0.0,-103.797119140625,142.34356689453125,132.5547332763672,0.22679895162582397,0.29301872849464417,-0.20519907772541046,0.905867338180542,1
77365,-196.35202026367188,237.091064453125,-27.78390884399414,-141.3695068359375,175.538330078125,81.36604309082031,-13.65650385338813,75.4727442227304,4.410919449641369,30.185651779174805,30.715600967407227,-4.564957618713379,0.7433493733406067,2.5518698692321777,0.0,-103.8509521484375,142.79629516601562,132.35488891601562,0.22707891464233398,0.2942413091659546,-0.20797549188137054,0.9047670364379883,1
77367,-196.3955078125,237.97691345214844,-27.9334716796875,-141.44174194335938,176.29225158691406,81.46615600585938,-5.181475484278053,105.54756464553066,-17.820185027376283,25.57207679748535,48.56483459472656,6.4136481285095215,0.743558943271637,2.5512475967407227,0.0,-103.93673706054688,143.5424041748047,132.43080139160156,0.22596006095409393,0.2952597737312317,-0.21059034764766693,0.904110312461853,1
77369,-196.22659301757812,238.74179077148438,-28.02088737487793,-141.32479858398438,176.9275665283203,81.45121002197266,20.13660575612448,91.1822616745485,-10.420966332530952,40.92722702026367,35.58749008178711,-3.667370557785034,0.7422760725021362,2.5527331829071045,0.0,-103.8778076171875,144.06690979003906,132.3788299560547,0.22521694004535675,0.2965875566005707,-0.21268615126609802,0.903370201587677,1
77370,-196.2754364013672,239.24765014648438,-28.12479591369629,-141.33419799804688,177.2268524169922,81.45323944091797,-5.82370152650401,60.31469947099686,-12.389238197472878,31.072877883911133,36.084232330322266,0.8644773960113525,0.7418451905250549,2.552889823913574,0.0,-103.95974731445312,144.32955932617188,132.3921356201172,0.2265695035457611,0.2979767322540283,-0.21373553574085236,0.9023265838623047,1
77372,-196.34664916992188,239.9727325439453,-27.955690383911133,-141.5220184326172,177.7286376953125,81.3121566772461,-8.489614186459221,86.44053493172396,20.159877699043136,25.548856735229492,29.294652938842773,-6.125985622406006,0.742224395275116,2.5530240535736084,0.0,-104.24940490722656,144.80564880371094,132.27806091308594,0.22791211307048798,0.29793083667755127,-0.21609406173229218,0.9014413952827454,1
77374,-196.61331176757812,240.2581787109375,-27.290897369384766,-141.74786376953125,178.09014892578125,80.99148559570312,-31.77665134985,34.01498150615953,79.21956820375635,13.234130859375,13.220198631286621,-24.703289031982422,0.7436584830284119,2.5547783374786377,0.0,-104.51292419433594,145.16632080078125,131.9639129638672,0.22484663128852844,0.29683998227119446,-0.2165009081363678,0.9024729132652283,1
77376,-197.00738525390625,240.4722442626953,-26.6748104095459,-142.11463928222656,178.18118286132812,80.55357360839844,-47.105422297725454,25.588243220583536,73.64371728162223,9.564645767211914,3.6051864624023438,-24.434345245361328,0.7451565861701965,2.556252956390381,0.0,-104.89801025390625,145.33187866210938,131.55215454101562,0.2260313481092453,0.2962040305137634,-0.2160915732383728,0.9024839997291565,1
77378,-197.34588623046875,240.2825927734375,-26.625699996948242,-142.25038146972656,178.11546325683594,80.46463012695312,-40.41641796473414,-22.644052419927903,5.863696412707213,26.98004150390625,-7.011836528778076,-4.83703088760376,0.7453864812850952,2.5574185848236084,0.0,-104.98953247070312,145.32452392578125,131.45022583007812,0.22504450380802155,0.2976110577583313,-0.21492205560207367,0.9025470018386841,1
77380,-197.64732360839844,240.02117919921875,-26.59449577331543,-142.3889617919922,177.9158172607422,80.32783508300781,-35.98011066264007,-31.202797057572752,3.72459257429,19.41823959350586,-11.503777503967285,-5.730921268463135,0.7453424334526062,2.5557546615600586,0.0,-105.083251953125,145.24888610839844,131.33531188964844,0.22626660764217377,0.29834339022636414,-0.21395672857761383,0.9022289514541626,1
77381,-197.75094604492188,239.81492614746094,-26.48211669921875,-142.49208068847656,177.780517578125,80.25473022460938,-12.374633871018887,-24.63082403689623,13.420355121605098,19.80179786682129,-16.00511932373047,-8.16672134399414,0.745366096496582,2.5552690029144287,0.0,-105.16261291503906,145.17083740234375,131.27154541015625,0.22623883187770844,0.29793643951416016,-0.21370568871498108,0.9024299383163452,1
77383,-198.0067901611328,239.4205322265625,-26.297237396240234,-142.7725067138672,177.5486297607422,80.10940551757812,-30.537206422537565,-47.074323039501905,22.066942644305527,12.016189575195312,-11.867263793945312,-2.703474760055542,0.7459959983825684,2.5541107654571533,0.0,-105.43217468261719,145.05101013183594,131.16920471191406,0.22675466537475586,0.2967104911804199,-0.21370834112167358,0.9027037024497986,1
77385,-198.3700714111328,238.98597717285156,-26.144729614257812,-143.0625457763672,177.32936096191406,80.00174713134766,-43.36651074886322,-51.87478409009054,18.20553735329304,14.114269256591797,-15.896214485168457,-3.4071271419525146,0.7466251254081726,2.5544934272766113,0.0,-105.73567199707031,144.92071533203125,131.1068115234375,0.22560834884643555,0.29712703824043274,-0.2131352573633194,0.9029893279075623,1
77387,-198.74771118164062,238.5618438720703,-26.026586532592773,-143.50445556640625,176.91192626953125,80.02444458007812,-45.1086718342267,-50.6622749324888,14.112066356639843,5.634523391723633,-36.68368148803711,2.24782133102417,0.7465585470199585,2.554513692855835,0.0,-106.18017578125,144.60250854492188,131.1717529296875,0.22683843970298767,0.29596489667892456,-0.21206125617027283,0.9033156037330627,1
77389,-199.28709411621094,237.5531005859375,-25.995771408081055,-143.9979248046875,176.20550537109375,80.13439178466797,-64.43042978912126,-120.4965142699657,3.6809316517901607,2.9014644622802734,-43.83387756347656,6.800281047821045,0.7465854287147522,2.5563783645629883,0.0,-106.67372131347656,143.99615478515625,131.31289672851562,0.2248634397983551,0.2953526973724365,-0.21031105518341064,0.9044182896614075,1
77391,-199.4777069091797,235.88351440429688,-25.914989471435547,-144.23220825195312,174.81118774414062,80.43704986572266,-22.74796705925837,-199.25048508564942,9.640616483156919,19.603519439697266,-100.96629333496094,25.682174682617188,0.7466051578521729,2.557112455368042,0.0,-106.96611022949219,142.7457275390625,131.6938018798828,0.2237328439950943,0.29326489567756653,-0.20867212116718292,0.9057567119598389,1
77392,-199.7356414794922,232.896240234375,-25.38759422302246,-144.3714141845703,173.85055541992188,80.56583404541016,-1.8860883550951257,-168.1443212798331,70.86316407768754,15.473848342895508,-115.13319396972656,16.091110229492188,0.7475390434265137,2.558392286300659,0.0,-107.11387634277344,141.88638305664062,131.8403778076172,0.21973493695259094,0.2888191044330597,-0.20744742453098297,0.9084413051605225,1
77394,-199.9515380859375,231.45040893554688,-25.36485481262207,-144.6251220703125,171.22901916503906,80.82113647460938,-54.70493319584057,-361.30623777536675,-5.162643668038072,16.494613647460938,-178.22335815429688,14.816667556762695,0.7461139559745789,2.561410903930664,0.0,-107.34568786621094,139.52383422851562,132.16859436035156,0.22025513648986816,0.28836342692375183,-0.20257778465747833,0.9095583558082581,1
77396,-199.46163940429688,226.68357849121094,-24.250473022460938,-144.94039916992188,167.58474731445312,81.37737274169922,58.500021836254746,-569.219096792629,133.07110531514627,7.977315902709961,-218.47830200195312,44.33627700805664,0.7455233931541443,2.5603597164154053,0.0,-107.76292419433594,136.4437713623047,133.05616760253906,0.21631653606891632,0.27546244859695435,-0.19945275783538818,0.9151754975318909,1
77398,-199.37814331054688,220.8660888671875,-23.14651107788086,-145.08767700195312,163.3456573486328,81.92642211914062,9.968227833509445,-694.5242512179539,131.79711395897903,41.68246078491211,-276.3323059082031,38.22402572631836,0.7451886534690857,2.569380044937134,0.0,-107.96070861816406,132.48361206054688,133.75672912597656,0.2044542133808136,0.267389714717865,-0.19574058055877686,0.921079158782959,1
77400,-199.43080139160156,214.31028747558594,-21.759857177734375,-144.96450805664062,158.41940307617188,82.90352630615234,-6.2917058154707775,-783.3018772137584,165.68052296733367,39.7774658203125,-322.0845031738281,47.80340576171875,0.7521177530288696,2.576700210571289,0.0,-107.89912414550781,128.2722930908203,135.0345458984375,0.19158901274204254,0.2579382359981537,-0.19381104409694672,0.926929771900177,1
77402,-200.07688903808594,206.00643920898438,-21.006006240844727,-145.553466796875,152.75811767578125,83.80720520019531,-77.18063394748606,-991.9649089522427,90.05387044257077,-11.423591613769531,-347.5779113769531,48.83312225341797,0.7525255084037781,2.587383508682251,0.0,-108.51510620117188,123.52208709716797,136.27130126953125,0.1770932972431183,0.249660924077034,-0.18818457424640656,0.9332169890403748,1
77404,-201.71109008789062,196.21295166015625,-20.465505599975586,-146.23007202148438,145.90057373046875,84.77508544921875,-195.1621463187039,-1169.5733827874064,64.54852367844433,-7.5835418701171875,-442.6040954589844,64.79753875732422,0.7515009045600891,2.5958361625671387,0.0,-108.94160461425781,117.76914978027344,137.5188446044922,0.1651170700788498,0.24165162444114685,-0.17731063067913055,0.939628541469574,1
77405,-202.30982971191406,190.97547912597656,-20.35724639892578,-146.5320281982422,141.98541259765625,85.31690979003906,-71.48655651253648,-625.3283752652351,12.92561437949189,-3.8447723388671875,-467.0557556152344,65.29320526123047,0.7496015429496765,2.601867198944092,0.0,-108.81893920898438,114.51960754394531,138.03807067871094,0.16029363870620728,0.23731102049350739,-0.1719885915517807,0.9425547122955322,1
77407,-203.6769561767578,178.25979614257812,-19.802459716796875,-147.21580505371094,134.32603454589844,87.06941986083984,-163.26714219152927,-1518.5524346865714,66.25461392663419,2.765310287475586,-465.1364440917969,116.90438842773438,0.7418850660324097,2.6191651821136475,0.0,-108.80056762695312,107.8580093383789,139.72877502441406,0.1255999356508255,0.22678278386592865,-0.16046938300132751,0.9523884654045105,1
77409,-205.5372772216797,164.40771484375,-20.82068634033203,-147.31005859375,126.29069519042969,89.28036499023438,-222.11610482120886,-1653.8921333826147,-121.57285005308222,41.233734130859375,-486.2452392578125,136.82437133789062,0.7270064353942871,2.6199703216552734,0.0,-108.1883544921875,100.86898040771484,141.8647918701172,0.08793160319328308,0.22866101562976837,-0.1454235017299652,0.9585583806037903,1
77411,-206.99217224121094,148.0983428955078,-22.306934356689453,-146.76475524902344,117.88578033447266,91.24161529541016,-173.5944435968995,-1945.9935670699924,-177.33540494879708,66.97975158691406,-498.8075866699219,145.1533660888672,0.6992414593696594,2.6207308769226074,0.0,-107.56526184082031,93.53092956542969,144.25616455078125,0.020367620512843132,0.23733313381671906,-0.1363162100315094,0.9616007804870605,1
77413,-207.57058715820312,132.3173370361328,-24.522001266479492,-144.98895263671875,109.5611801147461,92.91067504882812,-68.9610851261532,-1881.47860035114,-264.0896927770955,160.32440185546875,-515.3236694335938,101.09809112548828,0.665504515171051,2.6267964839935303,0.0,-106.25709533691406,85.91606903076172,146.7501983642578,-0.044464316219091415,0.2527005970478058,-0.13459518551826477,0.9571047425270081,1
77415,-206.7906036376953,118.77243041992188,-27.61602210998535,-143.18875122070312,102.09819030761719,94.68708038330078,93.02128858293872,-1615.3734457815299,-368.9947264244838,85.57080841064453,-401.8290100097656,80.9367904663086,0.6389662027359009,2.6164391040802,0.0,-105.48672485351562,79.18093872070312,149.85003662109375,-0.10484498739242554,0.2666993737220764,-0.14127765595912933,0.947586178779602,1
77417,-209.33023071289062,110.57389831542969,-28.259878158569336,-143.30905151367188,96.80496215820312,95.6232681274414,-302.77310295263305,-977.4250043160282,-76.76020451530349,4.210092544555664,-301.725830078125,83.63785552978516,0.6274321675300598,2.61869478225708,0.0,-105.92465209960938,74.55147552490234,151.53366088867188,-0.1222602054476738,0.2819986939430237,-0.14169210195541382,0.940984845161438,1
77418,-209.0316619873047,105.87545013427734,-27.762874603271484,-143.54710388183594,94.56378936767578,96.01189422607422,35.58437524596229,-559.9760752695147,59.23447265144205,3.7107696533203125,-267.92047119140625,47.12377166748047,0.6073903441429138,2.6150574684143066,0.0,-106.14704895019531,73.01573944091797,152.49530029296875,-0.12796714901924133,0.26789867877960205,-0.135083869099617,0.9453079104423523,1
77420,-209.22552490234375,99.8289794921875,-26.885162353515625,-143.8165740966797,90.0818862915039,96.62679290771484,-23.108568331226707,-720.7426957720891,104.62379302689806,-20.944656372070312,-214.7333526611328,85.61804962158203,0.5353591442108154,2.5964572429656982,0.0,-106.56394958496094,69.64647674560547,154.2030487060547,-0.1232643648982048,0.2576272189617157,-0.1321834921836853,0.9491900205612183,1
77422,-209.9152069091797,95.76346588134766,-26.773513793945312,-144.96292114257812,87.0440902709961,98.11370086669922,-82.31514606776182,-485.2284725420759,13.325514364871196,-34.96904373168945,-190.5689697265625,71.04930114746094,0.44561684131622314,2.587620735168457,0.0,-107.59739685058594,67.64898681640625,156.38999938964844,-0.12028266489505768,0.2444099485874176,-0.13075819611549377,0.9532566070556641,1
77424,-209.0717315673828,92.36152648925781,-27.0118465423584,-144.69544982910156,84.5865707397461,99.45097351074219,100.73485745326616,-406.28796450264053,-28.46368381877255,34.9681282043457,-136.3010711669922,99.00782012939453,0.35637903213500977,2.5698955059051514,0.0,-107.28434753417969,65.73796844482422,158.1409912109375,-0.1284489780664444,0.2324775755405426,-0.14038990437984467,0.9538059234619141,1
77426,-210.08999633789062,92.00022888183594,-28.331707000732422,-144.97930908203125,83.77628326416016,100.50196075439453,-121.60482833907008,-43.14745516330004,-157.62246629828587,20.82989501953125,-29.951396942138672,35.16990661621094,0.32264435291290283,2.544776678085327,0.0,-107.91191101074219,65.37060546875,159.61936950683594,-0.1257304847240448,0.24366560578346252,-0.15298187732696533,0.9494290351867676,1
77428,-209.88218688964844,92.56616973876953,-30.768041610717773,-145.50238037109375,84.38533782958984,102.7834243774414,24.839761161245406,67.64772168220952,-291.21856745600235,-16.410552978515625,54.635379791259766,138.74822998046875,0.3011970520019531,2.5429327487945557,0.0,-108.80825805664062,66.2219467163086,162.11643981933594,-0.12769725918769836,0.23702740669250488,-0.15612618625164032,0.9503346681594849,1
77430,-210.5162811279297,94.62956237792969,-32.96518325805664,-145.76214599609375,85.78082275390625,104.38226318359375,-75.77104920521379,246.56496740179136,-262.5472963176435,14.904356002807617,94.15763092041016,92.11006164550781,0.3018988370895386,2.5428645610809326,0.0,-109.4720458984375,67.52791595458984,163.8099822998047,-0.1270037740468979,0.24423663318157196,-0.16143660247325897,0.9477112889289856,1
77432,-209.9989776611328,98.8118667602539,-33.804595947265625,-145.81593322753906,87.81314086914062,105.52538299560547,61.783972532022744,499.51217353728134,-100.25498350948328,27.48400115966797,129.76051330566406,72.59172058105469,0.28213608264923096,2.540865659713745,0.0,-109.72236633300781,69.56826782226562,164.9106903076172,-0.11754492670297623,0.24136067926883698,-0.17425784468650818,0.9473977088928223,1
77433,-209.07534790039062,101.6880874633789,-34.6771240234375,-146.04641723632812,89.36341857910156,106.43315124511719,110.24758460337762,343.3154698815197,-104.14791400753893,4.730936050415039,184.99310302734375,108.79290771484375,0.27070415019989014,2.5338222980499268,0.0,-110.14961242675781,71.07442474365234,165.7606964111328,-0.11682228744029999,0.23607054352760315,-0.1807577759027481,0.9476021528244019,1
77435,-208.03834533691406,110.07868194580078,-35.82266616821289,-146.5434112548828,92.74748229980469,108.86753845214844,123.78506839519832,1001.5696667141747,-136.74123645867803,38.15294647216797,209.85804748535156,156.97811889648438,0.259906530380249,2.528703451156616,0.0,-111.07183837890625,73.83341979980469,168.0708770751953,-0.08581528812646866,0.23514102399349213,-0.2018568068742752,0.9468887448310852,1
77437,-208.78758239746094,121.98616790771484,-37.70606994628906,-146.15834045410156,97.36231231689453,110.41643524169922,-89.4409686580766,1421.468764423742,-224.83332333088038,51.26401901245117,279.5589904785156,86.59446716308594,0.28757989406585693,2.530909538269043,0.0,-110.92222595214844,77.26283264160156,168.85501098632812,-0.04750611260533333,0.25824981927871704,-0.21527189016342163,0.9405893087387085,1
77439,-209.46055603027344,134.5979461669922,-40.623443603515625,-145.3648681640625,102.71675872802734,111.77579498291016,-80.36678725481033,1506.103732522577,-348.3939587250352,80.11250305175781,339.4753112792969,103.10627746582031,0.3175651431083679,2.5390493869781494,0.0,-110.85139465332031,81.64302825927734,169.7752227783203,-0.010190753266215324,0.2872999310493469,-0.22529344260692596,0.9309123158454895,1
77441,-210.3369598388672,146.99954223632812,-45.45382308959961,-144.3231964111328,109.24568939208984,113.3892822265625,-104.63134944811463,1480.591160514392,-576.6852209216449,95.16864013671875,388.79888916015625,73.26061248779297,0.4413243532180786,2.5499444007873535,0.0,-110.26019287109375,85.8191146850586,169.9389190673828,0.008244147524237633,0.31952232122421265,-0.2250422239303589,0.9204311370849609,1
77443,-210.680419921875,158.86322021484375,-49.01953887939453,-144.20030212402344,116.43683624267578,114.30859375,-41.00852650415618,1416.5021697955672,-425.74015935577336,54.515106201171875,415.4789123535156,76.04853057861328,0.5562416911125183,2.5730671882629395,0.0,-109.71632385253906,90.67411804199219,168.95523071289062,0.038390375673770905,0.3301045298576355,-0.2203223705291748,0.9170688390731812,1
77445,-211.35443115234375,170.57745361328125,-50.30481719970703,-145.76756286621094,125.23768615722656,114.94871520996094,-80.5003136890009,1399.0856836978346,-153.5068012010306,-109.7999267578125,550.1538696289062,43.0820426940918,0.6422348022460938,2.577077627182007,0.0,-110.18598937988281,97.01083374023438,167.6479034423828,0.06337911635637283,0.320853054523468,-0.20995450019836426,0.921387791633606,1
77447,-210.92291259765625,183.17623901367188,-51.990474700927734,-147.3773956298828,133.5688018798828,115.0970687866211,51.56291168183088,1505.4510445538908,-201.42218200606294,-63.80093002319336,491.32257080078125,-21.064416885375977,0.7019073963165283,2.5818464756011963,0.0,-111.23942565917969,103.89739990234375,166.88067626953125,0.10248212516307831,0.31396570801734924,-0.21164193749427795,0.9198535680770874,1
77448,-212.138671875,195.1889190673828,-53.70082092285156,-148.1614990234375,137.64907836914062,114.90766906738281,-60.661490730708465,747.3179397743661,-107.34312938337098,-61.77518844604492,489.26544189453125,-22.07718276977539,0.7326525449752808,2.5863969326019287,0.0,-111.55393981933594,107.39655303955078,166.0155029296875,0.12384890019893646,0.3127284646034241,-0.20868556201457977,0.9183205962181091,1
77450,-212.8220977783203,199.9918212890625,-54.33790969848633,-149.7482452392578,145.80789184570312,114.90995788574219,-166.12549640983343,1260.627331405878,-172.96288706548512,-54.73514938354492,489.02154541015625,25.453771591186523,0.7579833269119263,2.597496747970581,0.0,-112.4461669921875,114.77312469482422,165.12066650390625,0.14821848273277283,0.30981528759002686,-0.2006315141916275,0.9174926280975342,1
77452,-215.02232360839844,209.20326232910156,-56.60163116455078,-151.3684539794922,153.9075927734375,115.25633239746094,-262.7972111061681,1100.2238872476155,-270.3811944530171,-48.68270492553711,453.96343994140625,8.948939323425293,0.7721315026283264,2.607757329940796,0.0,-113.71687316894531,122.69424438476562,165.12001037597656,0.1683616191148758,0.31718218326568604,-0.19023168087005615,0.9137076735496521,1
77454,-217.787109375,217.15562438964844,-58.00267028808594,-152.5908966064453,161.4796142578125,114.80730438232422,-330.11491850356106,949.5105860426556,-167.28381694998825,-58.50515365600586,464.5035400390625,-27.227336883544922,0.7761328220367432,2.6157846450805664,0.0,-114.678466796875,130.04151916503906,164.48829650878906,0.17944374680519104,0.32836708426475525,-0.18038484454154968,0.9096352458000183,1
77456,-219.306884765625,223.42919921875,-58.63833236694336,-153.60057067871094,168.24180603027344,113.65068817138672,-181.38149175792933,748.7358777993359,-75.86472108203452,-34.170047760009766,397.939453125,-58.940574645996094,0.7793444991111755,2.627537727355957,0.0,-115.31858825683594,136.92222595214844,163.2565155029297,0.19228453934192657,0.3347168266773224,-0.17452207207679749,0.9058329463005066,1
77458,-221.2880096435547,228.12063598632812,-60.2611083984375,-154.36929321289062,174.58021545410156,112.75434112548828,-236.63384315790609,560.3648334397003,-193.8311578411376,-10.109241485595703,380.4710998535156,-48.90632247924805,0.7780089378356934,2.639840841293335,0.0,-115.54017639160156,143.4553985595703,162.27806091308594,0.18965154886245728,0.3478299081325531,-0.16411569714546204,0.9033895134925842,1
77460,-223.6395263671875,233.40184020996094,-62.489097595214844,-154.93923950195312,181.237548828125,112.08979797363281,-280.37267446063925,629.6809789492982,-265.6444172784104,6.6373443603515625,389.6661682128906,-38.76971435546875,0.775475025177002,2.6493282318115234,0.0,-115.64625549316406,150.14601135253906,161.45372009277344,0.18761739134788513,0.36687299609184265,-0.15461795032024384,0.8979405164718628,1
77461,-225.0526123046875,238.82176208496094,-63.38736343383789,-154.87567138671875,184.4375,111.65043640136719,-107.0195703690406,338.92199403827544,-67.81888074832386,39.766170501708984,381.29693603515625,-51.69529342651367,0.7752835154533386,2.648874044418335,0.0,-115.47265625,153.22422790527344,160.9436492919922,0.18505583703517914,0.37353724241256714,-0.14863182604312897,0.8967345356941223,1
77463,-224.58755493164062,241.02980041503906,-63.16205978393555,-154.1417694091797,190.5460205078125,110.8311996459961,-6.032525873277336,570.592172067496,-12.42980489420006,80.0870361328125,358.9618835449219,-28.98946762084961,0.7702587842941284,2.654493808746338,0.0,-114.63006591796875,158.89248657226562,159.8293914794922,0.16729849576950073,0.381345272064209,-0.14001646637916565,0.8983219861984253,1
77465,-223.91116333007812,247.8881072998047,-62.560909271240234,-153.32550048828125,196.86135864257812,109.67047119140625,80.6689976323396,817.9473851700313,71.69546335772611,92.49584197998047,376.5666198730469,-72.16887664794922,0.7681846022605896,2.6569292545318604,0.0,-113.67112731933594,164.3933563232422,158.0190887451172,0.17026327550411224,0.3802746832370758,-0.1378166377544403,0.8985589146614075,1
77467,-221.4152374267578,254.673095703125,-61.591339111328125,-151.20167541503906,202.7429656982422,108.03515625,297.46848690893967,808.6458942332538,115.55494016766897,180.40066528320312,332.3713073730469,-94.39209747314453,0.7659704685211182,2.6572299003601074,0.0,-111.86599731445312,169.2768096923828,156.15829467773438,0.16881415247917175,0.38281917572021484,-0.13944648206233978,0.8974997997283936,1
77469,-216.06703186035156,260.9640808105469,-59.28288269042969,-147.99354553222656,206.9486541748047,105.79866790771484,638.3884235983714,750.9232799191959,275.54884291277267,249.49072265625,228.6807861328125,-132.6732940673828,0.7657526731491089,2.656949520111084,0.0,-109.07893371582031,172.45529174804688,153.74276733398438,0.18082377314567566,0.3721773326396942,-0.14940348267555237,0.8980341553688049,1
77471,-208.40701293945312,266.8504943847656,-56.41053009033203,-143.6448211669922,210.08795166015625,103.68983459472656,914.301616312936,702.6036751046777,342.8446655301377,301.4375,162.50120544433594,-145.4030303955078,0.7657075524330139,2.6448211669921875,0.0,-105.6766357421875,174.51390075683594,151.6426239013672,0.19847644865512848,0.3546411693096161,-0.1644832342863083,0.8987669348716736,1
77473,-198.815673828125,273.04571533203125,-53.198360443115234,-138.29185485839844,212.27249145507812,101.51508331298828,1145.3409144510515,739.7965959296562,383.5782760271686,370.5301513671875,121.79320526123047,-127.9965591430664,0.765861451625824,2.6323647499084473,0.0,-101.80007934570312,175.62997436523438,149.83343505859375,0.22958770394325256,0.3343227207660675,-0.18240074813365936,0.8956828713417053,1
77474,-193.61068725585938,274.7574768066406,-50.85261154174805,-135.36109924316406,213.21595764160156,100.56554412841797,621.11189112789,204.2647741532419,279.91859652486164,380.8465270996094,112.4985580444336,-112.33740997314453,0.769670844078064,2.630718231201172,0.0,-100.04481506347656,175.9014434814453,149.2152557373047,0.22843192517757416,0.32033494114875793,-0.1869325190782547,0.9001447558403015,1
77476,-182.76425170898438,278.8060302734375,-47.57851028442383,-129.53990173339844,213.8057861328125,99.1264419555664,1295.113989137113,483.41579203214496,390.94265778711997,358.81201171875,30.271514892578125,-73.13690948486328,0.7729426026344299,2.6328225135803223,0.0,-95.95150756835938,175.08106994628906,147.9937744140625,0.25188320875167847,0.29217997193336487,-0.20429828763008118,0.8996931910514832,1
77478,-171.8153076171875,281.9691162109375,-44.21290969848633,-123.92872619628906,213.3517303466797,97.91658782958984,1307.4580611544661,377.7169900983572,401.90009007416666,358.11328125,-28.468788146972656,-62.33681106567383,0.7724125385284424,2.6298837661743164,0.0,-92.28501892089844,173.84596252441406,147.4635467529297,0.275113046169281,0.2629339098930359,-0.22417965531349182,0.8971744775772095,1
77480,-159.98092651367188,279.1353759765625,-38.74937438964844,-118.12347412109375,211.00753784179688,96.61418914794922,1414.0172191348393,-338.58614581637084,652.8041421408125,396.7096252441406,-159.61000061035156,-60.21192169189453,0.7679791450500488,2.6180920600891113,0.0,-88.30757141113281,171.18350219726562,147.09381103515625,0.2644895017147064,0.22224019467830658,-0.2390890121459961,0.9074640274047852,1
77482,-148.4613494873047,275.97076416015625,-34.91571807861328,-112.39320373535156,207.84658813476562,95.97798156738281,1375.471878498327,-377.86409603990614,457.75000554160215,370.5543212890625,-201.01974487304688,-8.101250648498535,0.7658191919326782,2.6049129962921143,0.0,-84.91488647460938,167.46421813964844,147.27967834472656,0.25834837555885315,0.18710358440876007,-0.2572711110115051,0.9121732115745544,1
77484,-140.08688354492188,270.8114318847656,-32.08519744873047,-107.13412475585938,202.89352416992188,95.41645050048828,999.9097128884168,-616.0233368522022,337.9636492432328,340.6259765625,-319.50030517578125,-49.52723693847656,0.7532029151916504,2.6121318340301514,0.0,-81.54559326171875,162.157470703125,147.28704833984375,0.24527519941329956,0.17494633793830872,-0.27721869945526123,0.912350594997406,1
77486,-134.9605255126953,264.0089416503906,-30.343982696533203,-103.18489074707031,197.11900329589844,95.34903717041016,612.1430465003941,-812.2915078662336,207.92002749728272,256.1597595214844,-383.9218444824219,2.7726035118103027,0.7480998039245605,2.6170313358306885,0.0,-78.89564514160156,156.633544921875,147.9490966796875,0.22920913994312286,0.17118702828884125,-0.28645059466362,0.9143873453140259,1
77487,-133.83360290527344,259.9270324707031,-29.65876579284668,-101.82997131347656,193.70947265625,95.19304656982422,134.63651467650197,-487.6768125509843,81.86473064094025,194.5789794921875,-408.36260986328125,-18.072141647338867,0.7499244213104248,2.620300531387329,0.0,-77.86631774902344,153.3987579345703,148.0371551513672,0.21855872869491577,0.17318934202194214,-0.2893817126750946,0.9156941175460815,1
77489,-134.053466796875,252.00616455078125,-29.11553382873535,-101.63917541503906,187.7111358642578,95.80265045166016,-26.23987279983703,-945.3237872261088,64.83255406448734,17.345603942871094,-377.440673828125,52.97141647338867,0.7534779906272888,2.6311228275299072,0.0,-77.6614990234375,147.82382202148438,148.9988250732422,0.20808354020118713,0.17135417461395264,-0.28568947315216064,0.9196306467056274,1
77491,-137.85418701171875,242.83529663085938,-28.97498321533203,-103.20521545410156,181.0293731689453,96.85630798339844,-453.9498255341314,-1095.348685753299,16.787062142582727,-96.03932189941406,-401.3772277832031,40.974281311035156,0.7502467632293701,2.6402649879455566,0.0,-78.69259643554688,141.7994384765625,150.19869995117188,0.18400856852531433,0.17820489406585693,-0.27452176809310913,0.926834225654602,1
77493,-144.7147216796875,234.43467712402344,-29.665206909179688,-106.11605834960938,173.80018615722656,97.78565216064453,-819.1574283596128,-1003.045710704755,-82.41367377457209,-157.37413024902344,-432.734130859375,55.736812591552734,0.7538709044456482,2.658942461013794,0.0,-80.483642578125,135.3778076171875,151.1756591796875,0.1780703365802765,0.19489507377147675,-0.2603389024734497,0.9287251830101013,1
77495,-153.86000061035156,225.71063232421875,-31.25806999206543,-110.79916381835938,167.78857421875,99.25684356689453,-1090.9748696174938,-1040.7242589497473,-190.01865414329222,-268.1568908691406,-361.1175231933594,107.22148132324219,0.7596635818481445,2.672795534133911,0.0,-83.6341552734375,130.197998046875,152.4402313232422,0.15749454498291016,0.21493709087371826,-0.24441179633140564,0.9323413372039795,1
77497,-165.06585693359375,217.5048065185547,-34.26735305786133,-116.55624389648438,161.41064453125,100.78675842285156,-1338.5809681547107,-980.2162311034044,-359.46998814448307,-307.8704833984375,-374.60498046875,103.00390625,0.7538644075393677,2.6806654930114746,0.0,-87.44023132324219,125.11488342285156,153.56446838378906,0.15087759494781494,0.24306440353393555,-0.228264719247818,0.9306185245513916,1
77498,-171.10110473632812,213.28338623046875,-37.02825164794922,-119.49430847167969,158.62889099121094,102.0650405883789,-720.8943999493495,-504.2374969483353,-329.7820400217315,-321.7874755859375,-334.8913879394531,154.63124084472656,0.7499929666519165,2.6915230751037598,0.0,-89.28141784667969,122.90546417236328,154.51634216308594,0.1417720764875412,0.2637723386287689,-0.21974614262580872,0.9284591674804688,1
77500,-182.0924072265625,204.1863250732422,-41.60584259033203,-125.7821044921875,153.04962158203125,105.12102508544922,-1312.4813657342456,-1086.2882958969567,-546.614272254752,-321.7106628417969,-335.0523376464844,187.89418029785156,0.738552987575531,2.6987414360046387,0.0,-93.41355895996094,118.61834716796875,156.97398376464844,0.11716357618570328,0.28563517332077026,-0.2028183788061142,0.9292739033699036,1
77502,-191.73794555664062,196.19752502441406,-46.74180221557617,-131.20608520507812,148.12075805664062,108.96520233154297,-1152.3022879497148,-954.3803838849999,-613.5663790305262,-274.0238952636719,-283.9986572265625,217.9669189453125,0.7309616804122925,2.6883349418640137,0.0,-97.57864379882812,114.86968994140625,160.654052734375,0.0952635183930397,0.30739331245422363,-0.1874879151582718,0.928053081035614,1
77504,-198.88250732421875,188.57949829101562,-50.5650520324707,-135.17947387695312,143.36094665527344,111.97172546386719,-853.4669936548453,-910.0256370153511,-456.71346030262066,-176.5705108642578,-271.9514465332031,175.09449768066406,0.7160398364067078,2.676053047180176,0.0,-100.45524597167969,110.65154266357422,163.18325805664062,0.06605879962444305,0.3214132487773895,-0.18561245501041412,0.9262169003486633,1
77506,-201.68875122070312,180.36865234375,-52.799503326416016,-137.49282836914062,138.63369750976562,114.27071380615234,-334.6654165291693,-979.2043316124473,-266.47490403067786,-94.29499816894531,-257.2862854003906,133.11219787597656,0.7044609189033508,2.670228958129883,0.0,-102.17388916015625,106.6675796508789,165.39273071289062,0.03926074132323265,0.3222208619117737,-0.19097015261650085,0.9263707399368286,1
77507,-202.2100067138672,176.11695861816406,-53.642112731933594,-138.07237243652344,136.63050842285156,115.19074249267578,-62.104335754411295,-506.5627472929191,-100.39164693007478,-37.02597427368164,-239.01235961914062,110.5155258178711,0.7028791904449463,2.6727488040924072,0.0,-102.54533386230469,104.81962585449219,166.22808837890625,0.021601559594273567,0.31879857182502747,-0.18959447741508484,0.9284151792526245,1
77509,-202.45709228515625,170.25758361816406,-54.16443634033203,-137.92306518554688,132.96923828125,115.76473236083984,-29.444159691338427,-698.237344622612,-62.24313162441831,65.00117492675781,-208.68443298339844,30.277179718017578,0.7032395601272583,2.6772401332855225,0.0,-102.29002380371094,101.17864990234375,166.69970703125,0.0020819311030209064,0.31543657183647156,-0.1882670372724533,0.9300811290740967,1
77511,-198.8896026611328,163.38363647460938,-53.22562789916992,-135.55186462402344,129.01516723632812,115.98267364501953,425.2185960042989,-819.3240797974868,111.89908012058004,227.02601623535156,-268.7090759277344,0.15759742259979248,0.6856993436813354,2.6788241863250732,0.0,-100.08500671386719,97.02769470214844,166.85458374023438,-0.024086425080895424,0.29998621344566345,-0.18728651106357574,0.9350678324699402,1
77513,-194.18800354003906,157.5279998779297,-51.56663131713867,-132.23822021484375,125.58588409423828,115.42396545410156,560.7154473722912,-698.3466283261077,197.85289785964414,231.03689575195312,-187.81427001953125,-57.97181701660156,0.6864704489707947,2.6897706985473633,0.0,-97.36813354492188,93.61552429199219,166.7468719482422,-0.04587877541780472,0.29080459475517273,-0.18870094418525696,0.9368669986724854,1
77515,-186.9319305419922,148.49700927734375,-48.60285949707031,-127.46279907226562,121.85267639160156,113.97318267822266,866.9028132555541,-1078.9570557296975,354.0898953685246,341.58856201171875,-234.7811737060547,-90.90172576904297,0.672128438949585,2.708376407623291,0.0,-93.28256225585938,89.83577728271484,165.73597717285156,-0.0972287505865097,0.26786643266677856,-0.18726105988025665,0.9400677680969238,1
77517,-178.97592163085938,137.61407470703125,-45.986080169677734,-121.9351806640625,118.0450668334961,112.72086334228516,949.3036969046807,-1298.5417859843,312.23171281287796,376.57391357421875,-224.224609375,-69.17646026611328,0.6593663692474365,2.7326390743255615,0.0,-88.35600280761719,86.03076934814453,165.06788635253906,-0.15429389476776123,0.23932991921901703,-0.1809689700603485,0.9413632750511169,1
77519,-172.62014770507812,125.40766906738281,-43.918487548828125,-116.46244812011719,114.65153503417969,111.39232635498047,759.0897206319496,-1457.8487458995078,246.93897600338096,359.43701171875,-187.12503051757812,-76.18047332763672,0.655875563621521,2.757110118865967,0.0,-83.44395446777344,82.90990447998047,164.50189208984375,-0.21738551557064056,0.2156250774860382,-0.16914409399032593,0.9368242025375366,1
77520,-169.0399627685547,117.8448715209961,-43.39038848876953,-113.3648681640625,112.61388397216797,110.8122787475586,427.5358179778559,-903.1284395981929,63.06413428875385,404.0535888671875,-244.35679626464844,-69.0115737915039,0.6400084495544434,2.7694649696350098,0.0,-80.89219665527344,81.25128936767578,164.68051147460938,-0.2569199204444885,0.2015397995710373,-0.1599305123090744,0.9315557479858398,1
77522,-162.6699981689453,104.58293151855469,-44.38654327392578,-106.91160583496094,108.15373992919922,110.45976257324219,760.4616164832842,-1583.2421317662229,-118.92334193410352,419.6199035644531,-256.2528991699219,6.9779510498046875,0.6124845147132874,2.788602352142334,0.0,-75.51856994628906,78.37571716308594,166.0843048095703,-0.326579213142395,0.19171567261219025,-0.14648005366325378,0.9138570427894592,1
77524,-158.26332092285156,95.5597915649414,-46.57190704345703,-101.70039367675781,105.10128784179688,111.10517883300781,526.1774084549397,-1077.4041600453202,-260.94242454506457,305.3188171386719,-142.11557006835938,34.7945556640625,0.5960628986358643,2.810227394104004,0.11785756051540375,-71.68106079101562,77.18865203857422,168.79055786132812,-0.3712039887905121,0.19118227064609528,-0.1362711638212204,0.8983802795410156,1
77526,-154.88426208496094,93.52278137207031,-47.460208892822266,-98.04736328125,104.09507751464844,111.60008239746094,403.52325586718507,-243.25737570616184,-106.07996831226046,220.6903533935547,-36.47319030761719,12.001663208007812,0.5967264771461487,2.826139211654663,0.1638767570257187,-69.12644958496094,76.85092163085938,170.37669372558594,-0.38082483410835266,0.192501038312912,-0.13316693902015686,0.8945291042327881,1
77528,-150.46539306640625,102.78722381591797,-45.21174621582031,-96.37127685546875,105.8257064819336,111.86151885986328,527.5841426907573,1106.1140087478561,268.4517800453468,87.74755859375,154.0377655029297,0.9936788082122803,0.6139268279075623,2.811481237411499,0.00495746498927474,-68.29307556152344,78.48126220703125,170.91671752929688,-0.33878955245018005,0.18726345896720886,-0.1585623025894165,0.9083017110824585,1
77530,-145.74539184570312,122.8763427734375,-41.43307876586914,-96.38278198242188,109.85054779052734,113.0578842163086,563.3804289065301,2397.8418490653858,451.0226140008308,28.011747360229492,240.3440399169922,84.23174285888672,0.6373522281646729,2.7729153633117676,0.0,-68.45491027832031,80.70526885986328,171.16397094726562,-0.2143423855304718,0.18686164915561676,-0.20960213243961334,0.9355250000953674,1
77531,-141.57154846191406,132.56288146972656,-40.914886474609375,-96.68310546875,111.50215911865234,114.35224151611328,498.64060367946513,1157.2311318248976,61.90738204010995,-3.9297943115234375,198.93646240234375,156.32443237304688,0.6253324747085571,2.7427549362182617,0.0,-68.51092529296875,80.94525146484375,171.50253295898438,-0.14711728692054749,0.17187543213367462,-0.23947182297706604,0.9441761374473572,1
77533,-139.56082153320312,148.91200256347656,-43.311527252197266,-96.75166320800781,114.476806640625,116.73411560058594,240.00719401810784,1951.4866103120148,-286.0711814642127,12.454200744628906,177.54669189453125,144.80589294433594,0.6055592894554138,2.6963820457458496,0.0,-69.03956604003906,81.32806396484375,172.75430297851562,-0.05191262066364288,0.19910694658756256,-0.2781873941421509,0.9382287859916687,1
77535,-139.76661682128906,156.68031311035156,-45.98154067993164,-97.46243286132812,115.57256317138672,117.99476623535156,-24.574201375013217,927.620984416455,-318.8287169127725,-12.09432601928711,49.09496307373047,56.34395980834961,0.6051716208457947,2.6628408432006836,0.0,-69.89070129394531,81.08969116210938,173.0964813232422,-0.001276252674870193,0.2115105539560318,-0.29878947138786316,0.9305839538574219,1
77537,-142.14694213867188,157.6947479248047,-46.09531021118164,-98.51376342773438,115.86634063720703,117.4543685913086,-284.35375103750266,121.18442070344463,-13.590912438929081,-52.45101547241211,16.365816116333008,-75.13397979736328,0.6078736186027527,2.663954257965088,0.0,-70.998291015625,81.1810073852539,172.36920166015625,0.0035727720241993666,0.2224990576505661,-0.30035558342933655,0.9275062680244446,1
77539,-145.96932983398438,153.98184204101562,-43.64252853393555,-100.16490173339844,114.92700958251953,115.0923843383789,-456.6044081551954,-443.52622725383844,292.99773213645676,-58.55329513549805,-84.72419738769531,-174.7323455810547,0.6195707321166992,2.6661620140075684,0.0,-71.98268127441406,80.85018920898438,169.96812438964844,-0.008601266890764236,0.22711461782455444,-0.2925052046775818,0.9288625717163086,1
77541,-148.59532165527344,144.97772216796875,-40.74881362915039,-101.42596435546875,112.49039459228516,112.39736938476562,-313.66778302332386,-1075.5183225469664,345.6465978024062,-33.44072341918945,-165.3656768798828,-150.2930145263672,0.6352287530899048,2.6969945430755615,0.0,-72.40092468261719,80.3011245727539,167.6534881591797,-0.053829364478588104,0.2203177958726883,-0.27706918120384216,0.9336996674537659,1
77542,-150.18417358398438,141.1725311279297,-40.02780532836914,-101.73292541503906,111.69953155517578,111.65856170654297,-189.73379701178055,-454.39938822214026,86.09967997157946,-4.339073181152344,-93.88065338134766,-87.32066345214844,0.6438419222831726,2.700659990310669,0.0,-72.30995178222656,80.50822448730469,167.26620483398438,-0.07375406473875046,0.22270527482032776,-0.2687062919139862,0.9342160224914551,1
77544,-150.73651123046875,135.00271606445312,-37.93970489501953,-101.84255981445312,110.65161895751953,109.81706237792969,-65.98840718599968,-737.1148268860998,249.46773503159056,18.70870590209961,-33.237640380859375,-103.0342788696289,0.6565288305282593,2.712050199508667,0.0,-72.11199951171875,80.32364654541016,165.87118530273438,-0.11251895129680634,0.21463240683078766,-0.25511986017227173,0.9360482096672058,1
77546,-147.8235321044922,138.2728271484375,-35.778358459472656,-100.94442749023438,110.53229522705078,108.42355346679688,347.84609321155585,390.49210987752303,258.0917614470236,109.9097900390625,11.983072280883789,-68.74178314208984,0.6562994718551636,2.6968626976013184,0.0,-71.34165954589844,80.45059967041016,164.7993621826172,-0.07715847343206406,0.20731747150421143,-0.26364827156066895,0.9389119148254395,1
77548,-139.94503784179688,147.52088928222656,-35.12555694580078,-98.85604858398438,111.79289245605469,108.40489959716797,940.5909447697923,1104.099744147621,77.93610961921513,165.4619598388672,95.93710327148438,15.509629249572754,0.6495801210403442,2.650761365890503,0.0,-70.23478698730469,81.19181823730469,165.01731872558594,-0.0112270787358284,0.18775096535682678,-0.29450783133506775,0.9369571208953857,1
77550,-131.12203979492188,156.51353454589844,-35.28836441040039,-96.60322570800781,113.62162780761719,108.8604965209961,1053.4364293552935,1073.691739099566,-19.438666229892988,164.4363555908203,123.52702331542969,30.403749465942383,0.6280410289764404,2.5917415618896484,0.0,-69.43110656738281,81.39933013916016,165.36697387695312,0.04469926282763481,0.1556929349899292,-0.33179226517677307,0.9293414950370789,1
77552,-121.8739013671875,162.43569946289062,-35.642784118652344,-93.74600219726562,116.20946502685547,108.9513931274414,1101.9892288960982,705.673039095127,-42.2319263551326,204.23831176757812,169.8197784423828,-25.222030639648438,0.5873793959617615,2.5715200901031494,0.0,-67.86518859863281,82.64579010009766,165.2599639892578,0.07981409132480621,0.11308369040489197,-0.3572239279747009,0.9237060546875,1
77553,-117.92646789550781,165.24090576171875,-35.78898239135742,-92.19926452636719,117.58003234863281,109.00311279296875,470.3743197165895,334.26706591574475,-17.420917555864435,217.9256591796875,164.83175659179688,6.831032752990723,0.5745425820350647,2.565112352371216,0.0,-67.11018371582031,83.35096740722656,165.2254180908203,0.0861050933599472,0.10116805881261826,-0.36856892704963684,0.9200586080551147,1
77555,-109.5894775390625,171.10813903808594,-35.70005416870117,-88.95265197753906,119.78765869140625,108.7254638671875,993.9187631952809,699.4794274790911,10.601838948670775,222.8573760986328,141.04644775390625,-39.0068359375,0.5153801441192627,2.550405263900757,0.0,-64.81269836425781,84.16795349121094,164.5886688232422,0.11687134951353073,0.07452318072319031,-0.39122962951660156,0.9097949266433716,1
77557,-103.24392700195312,176.3291473388672,-35.64706802368164,-86.10891723632812,121.9668960571289,108.48616027832031,756.3130641661119,622.2811973378994,6.315309201891068,192.2286376953125,124.18938446044922,-12.330721855163574,0.48906970024108887,2.538362741470337,0.0,-62.424808502197266,85.07878112792969,163.64698791503906,0.1380295306444168,0.06142222881317139,-0.40795260667800903,0.9004164934158325,1
77559,-99.06478881835938,179.9526824951172,-35.39183044433594,-83.73226928710938,124.42355346679688,108.24125671386719,497.94457602640614,431.7444405592978,30.411573546967702,184.5495147705078,116.78048706054688,-51.41114807128906,0.47899532318115234,2.5372447967529297,0.0,-60.873050689697266,86.71925354003906,163.2323455810547,0.1422303318977356,0.05760261043906212,-0.41895949840545654,0.8949443697929382,1
77561,-96.68515014648438,182.53335571289062,-35.13231658935547,-81.64335632324219,126.2681884765625,107.82284545898438,284.2717243395746,308.2873186774086,31.001534778042696,145.6122283935547,111.8602066040039,-34.80832290649414,0.49494612216949463,2.5382015705108643,0.0,-59.56258773803711,88.11729431152344,162.7685089111328,0.1413550078868866,0.06274544447660446,-0.4262855350971222,0.891270101070404,1
77563,-95.64141845703125,184.3939666748047,-34.56912612915039,-80.41976928710938,127.9640884399414,107.33475494384766,124.63956178561784,222.18903314892668,67.25465258085751,99.538818359375,99.21015167236328,-28.719802856445312,0.5211268663406372,2.5447559356689453,0.0,-58.901058197021484,89.46244812011719,162.2498016357422,0.13673536479473114,0.0697084292769432,-0.4297199547290802,0.8898229598999023,1
77564,-95.42900085449219,184.67681884765625,-34.291053771972656,-79.9710693359375,128.76150512695312,107.24256134033203,25.353541230899282,33.760404697735794,33.18989993582363,85.8052978515625,95.52922821044922,-10.392983436584473,0.5357887148857117,2.549936294555664,0.0,-58.49509811401367,90.16989135742188,162.1127166748047,0.12811405956745148,0.06893768161535263,-0.4306284487247467,0.8907263875007629,1
77566,-96.39363098144531,183.73330688476562,-33.82307815551758,-79.40875244140625,129.9900360107422,107.16177368164062,-115.21334196743555,-112.69103399687447,55.893998357030796,55.42289733886719,79.3980484008789,-6.222489833831787,0.5625651478767395,2.5636074542999268,0.0,-57.96895217895508,91.3705825805664,162.0205078125,0.10506230592727661,0.06980821490287781,-0.42743340134620667,0.8952035307884216,1
77568,-97.44027709960938,183.63232421875,-32.953983306884766,-79.17399597167969,131.26376342773438,106.90139770507812,-124.98925576743204,-12.059231913881376,103.78629074024502,43.650360107421875,75.04193878173828,-11.388943672180176,0.5748631954193115,2.571018695831299,0.0,-57.7576789855957,92.79490661621094,161.84814453125,0.0893058255314827,0.0752205178141594,-0.42545777559280396,0.8974140882492065,1
77570,-97.3282470703125,184.02003479003906,-32.4575080871582,-78.86831665039062,132.22520446777344,106.6988525390625,13.376542082987726,46.293184116948396,59.27983516128734,51.00428009033203,55.185367584228516,-11.165541648864746,0.5823879241943359,2.5719358921051025,0.0,-57.45988082885742,93.99169158935547,161.81007385253906,0.08537328243255615,0.07427512854337692,-0.4267153739929199,0.8972784280776978,1
77572,-96.7838134765625,184.01177978515625,-32.07200622558594,-78.46292114257812,132.9110565185547,106.48486328125,65.03288187086582,-0.9860647167079151,46.048402068554424,57.129154205322266,34.478965759277344,-11.501620292663574,0.588426947593689,2.5760860443115234,0.0,-57.03730392456055,94.85304260253906,161.68006896972656,0.07976901531219482,0.07088148593902588,-0.42935875058174133,0.8968075513839722,1
77573,-96.0809326171875,184.0530242919922,-31.72740936279297,-78.16595458984375,133.15350341796875,106.38212585449219,37.72663306794129,0.4447433794848621,21.19935847549641,67.53369140625,29.10729217529297,-11.602009773254395,0.5891620516777039,2.57721209526062,0.0,-56.7617073059082,95.12169647216797,161.6051025390625,0.07779313623905182,0.07013446092605591,-0.4302014112472534,0.8966360092163086,1
77575,-95.63125610351562,183.94036865234375,-31.616254806518555,-77.58575439453125,133.63137817382812,106.28799438476562,99.92275407910347,-8.972566217184067,33.232570346444845,69.12478637695312,24.96515464782715,-2.071727752685547,0.5937276482582092,2.579939365386963,0.0,-56.25386428833008,95.61585235595703,161.54930114746094,0.07335236668586731,0.06620370596647263,-0.43192988634109497,0.8964781165122986,1
77577,-92.71272277832031,184.11819458007812,-31.364469528198242,-76.65357971191406,134.04632568359375,106.25403594970703,348.52783755457494,21.235764388693497,30.06790356768761,102.45687866210938,19.319868087768555,-7.83336067199707,0.5921340584754944,2.5765883922576904,0.0,-55.451961517333984,95.9773178100586,161.5244140625,0.07740753889083862,0.05226000398397446,-0.4375978708267212,0.894307017326355,1
77579,-88.5762939453125,185.51596069335938,-29.94891357421875,-74.89692687988281,134.66281127929688,105.54177856445312,493.81677207595203,166.8686632947065,168.99245704627538,150.3433837890625,44.27701950073242,-48.749874114990234,0.5750462412834167,2.572331666946411,0.0,-54.34248733520508,96.46902465820312,160.9644775390625,0.08627773821353912,0.04456984996795654,-0.4450080096721649,0.890245795249939,1
77580,-86.27615356445312,185.81494140625,-28.682912826538086,-73.72116088867188,135.00563049316406,104.93521881103516,274.47247425676323,35.67694246186875,151.07006533966342,172.4033660888672,41.14023971557617,-71.70745086669922,0.5603857040405273,2.5736913681030273,0.0,-53.62760543823242,96.69033813476562,160.476806640625,0.08498436957597733,0.04221179708838463,-0.44917115569114685,0.8883923888206482,1
77583,-79.60700988769531,185.8504180908203,-25.840890884399414,-69.9403076171875,136.1511993408203,102.74361419677734,795.4292018727865,4.231306485598907,338.96814264456043,191.55413818359375,54.5781364440918,-90.0591049194336,0.5430758595466614,2.5791428089141846,0.0,-51.52254104614258,97.58030700683594,158.7301788330078,0.07573655247688293,0.02946549654006958,-0.4633730947971344,0.8824291229248047,1
77584,-76.9332275390625,186.17257690429688,-25.107908248901367,-68.51478576660156,136.707763671875,101.95397186279297,319.2025348289171,38.460090041277,87.50522096766508,203.26695251464844,67.0486831665039,-94.13972473144531,0.5339499115943909,2.5770559310913086,0.0,-50.74098587036133,98.09024047851562,158.15509033203125,0.07647162675857544,0.02360263280570507,-0.4689609110355377,0.8795855045318604,1
77586,-69.60491943359375,187.9008026123047,-23.650915145874023,-65.32035827636719,138.1569061279297,100.57966613769531,874.9986571217887,206.3498357256176,173.9647119412548,227.255615234375,113.4665756225586,-84.8124771118164,0.486505925655365,2.5690269470214844,0.0,-48.85606002807617,99.71109008789062,157.29364013671875,0.09448106586933136,0.0012394189834594727,-0.48177942633628845,0.8711832761764526,1
77588,-62.09627914428711,190.99566650390625,-20.923202514648438,-61.945377349853516,140.3448944091797,98.65728759765625,897.208729715785,369.8058228706941,325.93485512642656,227.82928466796875,130.52764892578125,-102.09950256347656,0.4371708035469055,2.5448567867279053,0.0,-46.91746139526367,102.09520721435547,155.8736572265625,0.11909280717372894,-0.012491374276578426,-0.4907340407371521,0.8630416989326477,1
77590,-53.20332717895508,195.58750915527344,-19.130809783935547,-58.857730865478516,144.1240234375,96.6004638671875,1062.9590682531707,548.8549589933828,214.24158304347657,214.19140625,239.8257293701172,-112.94727325439453,0.46400630474090576,2.524524211883545,0.0,-45.429264068603516,105.83100891113281,154.1614227294922,0.14060868322849274,-0.035815805196762085,-0.5063154697418213,0.8500535488128662,1
77592,-45.68730545043945,201.40521240234375,-16.52621841430664,-56.18302536010742,148.07870483398438,93.87958526611328,898.054957324639,695.1306728469208,311.21067444840446,188.24266052246094,255.37359619140625,-182.66937255859375,0.497316837310791,2.499908924102783,0.0,-43.999637603759766,109.7763671875,151.78428649902344,0.17785610258579254,-0.05375673621892929,-0.5103778839111328,0.8396378755569458,1
77594,-38.44620132446289,207.42141723632812,-13.57404899597168,-54.07076644897461,153.1941680908203,91.46886444091797,864.2425609392812,718.0479913561139,352.3482626462501,143.4042510986328,317.1549377441406,-131.46859741210938,0.5483677387237549,2.4947292804718018,0.0,-42.98293685913086,114.8764419555664,149.65426635742188,0.20090234279632568,-0.07684042304754257,-0.512156069278717,0.8315226435661316,1
77595,-35.51604080200195,210.3902587890625,-12.803613662719727,-53.17813491821289,155.8424835205078,90.56210327148438,349.92097141593695,354.5402759164572,92.0057034958154,139.4717559814453,318.5267333984375,-108.35091400146484,0.5717463493347168,2.490644693374634,0.0,-42.44052505493164,117.39959716796875,148.81423950195312,0.20983198285102844,-0.0871727466583252,-0.5117360353469849,0.8285515308380127,1
77597,-32.73342514038086,217.6702117919922,-12.549836158752441,-51.974666595458984,160.8428497314453,89.12308502197266,331.513716286805,867.3149898784468,30.23440305125405,98.85563659667969,266.76300048828125,-72.21133422851562,0.6184179782867432,2.481238603591919,0.0,-42.090152740478516,122.25330352783203,147.57754516601562,0.2366720736026764,-0.08986793458461761,-0.49969297647476196,0.828382134437561,1
77599,-34.6911506652832,227.41070556640625,-14.640878677368164,-51.5407829284668,166.08001708984375,87.90142822265625,-233.22915371326962,1160.4114524017787,-249.11156890572602,33.261749267578125,315.5580749511719,-64.93844604492188,0.652974545955658,2.479318618774414,0.0,-42.19380569458008,127.09700012207031,146.39981079101562,0.2740001082420349,-0.06500061601400375,-0.47762155532836914,0.8322117924690247,1
77601,-43.75588607788086,238.67835998535156,-19.006067276000977,-52.79692459106445,171.5313262939453,87.02178192138672,-1080.3927782225655,1342.9506662508938,-520.270920537645,-61.7945442199707,312.3508605957031,-58.74903106689453,0.6648867130279541,2.50463604927063,0.0,-43.08938217163086,132.07205200195312,145.3569793701172,0.318667471408844,-0.00838696863502264,-0.44554033875465393,0.8365849852561951,1
77603,-56.19423294067383,246.62527465820312,-25.116500854492188,-55.11368942260742,176.56658935546875,86.7181625366211,-1483.9550783202867,948.1054448668147,-729.0043475684797,-123.47526550292969,296.32843017578125,5.258170127868652,0.6668108105659485,2.541080951690674,0.0,-43.92350387573242,136.00828552246094,144.11875915527344,0.3380741477012634,0.07194676995277405,-0.4150699973106384,0.8415737748146057,1
77605,-68.638916015625,250.17803955078125,-29.179973602294922,-58.521053314208984,179.9483184814453,87.23428344726562,-1483.7866307617805,423.5981758714188,-484.49016349724843,-168.7222900390625,171.7108612060547,41.45614242553711,0.6760007739067078,2.546156644821167,0.0,-44.72410202026367,138.64544677734375,143.4509735107422,0.32261642813682556,0.1448357254266739,-0.39178788661956787,0.8493782877922058,1
77606,-82.595703125,251.91925048828125,-34.14512634277344,-60.4306526184082,181.1968536376953,87.67021942138672,-837.9091785136843,100.1453283992596,-291.49596698935784,-193.6839141845703,147.94412231445312,52.1871452331543,0.6787083745002747,2.545461893081665,0.0,-45.19038772583008,139.70355224609375,143.34339904785156,0.30932924151420593,0.18553252518177032,-0.37627509236335754,0.8534108400344849,1
77608,-89.550048828125,250.06541442871094,-36.096168518066406,-64.7017822265625,182.4002227783203,89.20549774169922,-1660.1309975842014,-113.69121741969138,-534.6988502709428,-218.49740600585938,27.448169708251953,98.8202896118164,0.6858640313148499,2.541781425476074,0.0,-46.49892044067383,141.53460693359375,144.5478973388672,0.2854442894458771,0.24440284073352814,-0.3400050103664398,0.8620820045471191,1
77610,-101.0111083984375,250.01422119140625,-38.38117599487305,-69.57008361816406,182.50119018554688,90.12786102294922,-1369.1023149890825,-6.115383946453221,-272.95984346568,-263.556884765625,-8.187994956970215,53.147003173828125,0.6897976398468018,2.5346949100494385,0.0,-48.01005172729492,142.68585205078125,145.13088989257812,0.29260486364364624,0.272370308637619,-0.3024917542934418,0.8652719259262085,1
77612,-111.5653076171875,246.52513122558594,-42.219364166259766,-73.45323181152344,181.13998413085938,91.28395080566406,-1259.384218286723,-416.33711360406596,-457.99340240535093,-177.29119873046875,-90.99624633789062,102.65353393554688,0.6957568526268005,2.5381858348846436,0.0,-49.33773422241211,142.51123046875,146.13674926757812,0.2875598669052124,0.31023234128952026,-0.26277151703834534,0.8671887516975403,1
77614,-120.81004333496094,243.353271484375,-43.95061111450195,-76.80210876464844,178.39466857910156,92.85598754882812,-1103.4391062669456,-378.58887315914035,-206.63928570970893,-155.9406280517578,-192.67941284179688,84.85309600830078,0.7031617760658264,2.5381312370300293,0.0,-50.05966567993164,141.05580139160156,147.23599243164062,0.27845072746276855,0.329250305891037,-0.23771120607852936,0.8703750967979431,1
77616,-127.03469848632812,238.12916564941406,-44.24599838256836,-78.84219360351562,174.04144287109375,94.18070983886719,-743.2818677789764,-623.8069496318931,-35.27199418883538,-72.97062683105469,-277.193359375,73.02361297607422,0.715305507183075,2.544286012649536,0.0,-50.54520797729492,138.04888916015625,148.37274169921875,0.2752024233341217,0.32796943187713623,-0.2128565013408661,0.8782891035079956,1
77618,-131.5625762939453,232.99118041992188,-43.05741500854492,-80.08714294433594,168.4205780029297,95.28856658935547,-540.6779818951618,-613.5314606360625,141.92981508909725,-17.72924041748047,-351.969482421875,31.680416107177734,0.7293263077735901,2.54801082611084,0.0,-50.61930465698242,134.6309051513672,149.92420959472656,0.29302629828453064,0.3107224702835083,-0.18038411438465118,0.8860297203063965,1
77620,-134.46604919433594,226.13661193847656,-41.271236419677734,-79.57814025878906,162.63645935058594,96.16686248779297,-346.66033656103536,-818.4016514976975,213.26090926886536,82.39341735839844,-360.48663330078125,52.751625061035156,0.7353553175926208,2.556159734725952,0.0,-50.2791862487793,130.4932403564453,151.8384552001953,0.29083752632141113,0.3047270178794861,-0.15169736742973328,0.8941715955734253,1
77621,-134.5012969970703,221.78695678710938,-39.60037612915039,-78.93948364257812,159.5487518310547,96.38744354248047,-4.210312818177044,-519.5617149942555,199.58249742840417,108.81184387207031,-370.1476745605469,27.08277702331543,0.7350152134895325,2.5607945919036865,0.0,-49.8683967590332,128.16848754882812,152.57894897460938,0.2821921706199646,0.29672080278396606,-0.14461524784564972,0.9007834196090698,1
77623,-132.64923095703125,210.04135131835938,-34.775272369384766,-77.38458251953125,152.6771240234375,96.4481430053711,221.17156119842548,-1402.6464729569852,576.2082498252857,132.141357421875,-423.1320495605469,-5.986378192901611,0.729674220085144,2.5758705139160156,0.0,-48.97848892211914,123.21585083007812,153.8892822265625,0.2556248903274536,0.2724531590938568,-0.12823347747325897,0.9186846017837524,1
77625,-127.44450378417969,195.24932861328125,-28.495798110961914,-74.70059204101562,144.4300537109375,96.0400390625,621.6331688628998,-1766.7039294610731,749.9969455493556,211.96392822265625,-517.7196655273438,-28.953075408935547,0.7156518697738647,2.5872855186462402,0.0,-47.11026382446289,117.0155258178711,154.60296630859375,0.20925000309944153,0.23821227252483368,-0.1214217022061348,0.9405987858772278,1
77627,-121.0792236328125,179.1497802734375,-23.435853958129883,-71.65554809570312,136.20236206054688,96.48858642578125,759.6907858341001,-1921.4674356859177,603.9000418412033,221.7289581298828,-494.4148864746094,71.13693237304688,0.7096450924873352,2.588818073272705,0.0,-45.04940414428711,111.13233947753906,156.2048797607422,0.15595659613609314,0.20659908652305603,-0.11932745575904846,0.9585172533988953,1
77629,-114.04080200195312,161.1049346923828,-20.142919540405273,-69.25718688964844,128.12120056152344,97.61016845703125,840.5423673801124,-2154.9514961149544,393.2488043862395,142.1641845703125,-457.655029296875,49.94730758666992,0.7070042490959167,2.5672478675842285,0.0,-43.5982551574707,105.31524658203125,158.37420654296875,0.08504855632781982,0.1699589192867279,-0.12481815367937088,0.9738075733184814,1
77631,-109.09815979003906,144.9244384765625,-19.49700355529785,-67.90020751953125,121.00588989257812,99.42073822021484,590.4168861726066,-1932.8200955846114,77.15705250462634,99.23484802246094,-387.16839599609375,122.03865051269531,0.7077357172966003,2.5863640308380127,0.0,-43.33182907104492,99.95659637451172,161.15380859375,0.012972254306077957,0.13972896337509155,-0.13118034601211548,0.9813762307167053,1
77633,-106.69209289550781,130.26377868652344,-21.17331314086914,-67.47944641113281,114.68435668945312,101.51644134521484,287.3182592364028,-1750.6891681628767,-200.17496319921338,44.25448226928711,-380.8859558105469,122.66665649414062,0.7062512040138245,2.6233670711517334,0.0,-43.8148078918457,94.78471374511719,163.88650512695312,-0.06766398996114731,0.11792413145303726,-0.14030593633651733,0.9807291626930237,1
77634,-106.63221740722656,122.99197387695312,-22.82676887512207,-67.55093383789062,111.8563232421875,102.21170043945312,7.146657004952431,-867.9527511633933,-197.35423200344667,23.678552627563477,-336.73193359375,83.47008514404297,0.704333484172821,2.6474924087524414,0.0,-44.0624885559082,92.19973754882812,164.71038818359375,-0.11221469938755035,0.11471441388130188,-0.1415717601776123,0.9768346548080444,1
77636,-108.89668273925781,107.64362335205078,-25.739389419555664,-68.41053771972656,106.12035369873047,103.52123260498047,-270.6855841674842,-1834.6835206851247,-348.1635962256114,-12.084903717041016,-320.5902099609375,90.19237518310547,0.6926490068435669,2.6792471408843994,0.0,-45.20244216918945,87.75489807128906,166.409423828125,-0.20341961085796356,0.1084294244647026,-0.14580456912517548,0.9620834589004517,1
77638,-114.32209777832031,96.5175552368164,-29.07876205444336,-70.35408020019531,102.0417251586914,106.09101867675781,-648.2407765137032,-1329.3676119956654,-398.99574397948163,-116.67247009277344,-230.15419006347656,176.4854736328125,0.6793420314788818,2.698251962661743,0.0,-46.70173263549805,84.37681579589844,169.25222778320312,-0.2641533315181732,0.11920894682407379,-0.14688518643379211,0.9457467794418335,1
77640,-120.11941528320312,87.16834259033203,-34.289058685302734,-74.11448669433594,98.90682983398438,108.89659881591797,-692.3180342391133,-1116.4868088811636,-622.2157606929541,-213.43112182617188,-196.3762664794922,136.048583984375,0.675893247127533,2.713369369506836,0.0,-49.296939849853516,82.77876281738281,172.38162231445312,-0.3184043765068054,0.1233258843421936,-0.14163798093795776,0.929165244102478,1
77642,-128.69935607910156,79.23678588867188,-43.197261810302734,-79.2012939453125,97.34553527832031,111.02351379394531,-1024.3210288090631,-946.9133312185295,-1063.510810494423,-292.0878601074219,-76.67628479003906,101.22032928466797,0.6929085850715637,2.7660791873931885,0.0,-53.411128997802734,82.78508758544922,174.81503295898438,-0.40406179428100586,0.14253032207489014,-0.12035209685564041,0.8955079913139343,1
77644,-139.16566467285156,73.70377349853516,-52.46086502075195,-85.51200866699219,96.74189758300781,112.180908203125,-1247.6559785753489,-659.5731366269756,-1104.2852238819469,-362.715576171875,-27.555156707763672,69.00540924072266,0.6989049911499023,2.8276336193084717,0.1064496785402298,-58.22270584106445,83.38299560546875,175.9713134765625,-0.4808706045150757,0.18071666359901428,-0.09400984644889832,0.8527995347976685,1
77645,-144.1833038330078,71.43461608886719,-56.995933532714844,-88.86027526855469,96.55421447753906,112.97018432617188,-598.0657840096392,-270.4669191899593,-540.546902352391,-368.9844055175781,-22.22862434387207,95.19196319580078,0.6978723406791687,2.862593173980713,0.15854758024215698,-60.50351333618164,83.91718292236328,176.6407012939453,-0.5152207016944885,0.1981000006198883,-0.07856740057468414,0.8301392793655396,1
77647,-150.25157165527344,68.21244812011719,-63.48228454589844,-95.29020690917969,96.0495376586914,114.69624328613281,-722.8813857887872,-383.8402184471488,-772.6854757330148,-331.49755859375,-33.009857177734375,53.92959976196289,0.6838852167129517,2.881192684173584,0.1944144070148468,-65.16343688964844,84.65814971923828,178.0160369873047,-0.564580500125885,0.19474489986896515,-0.05356845632195473,0.8002834916114807,1
77649,-156.96636962890625,67.59017181396484,-67.3955078125,-102.2620849609375,96.50559997558594,116.42987060546875,-798.5779126732377,-74.00611539237434,-465.3920609880006,-370.09637451171875,18.92652130126953,64.01229095458984,0.6718870997428894,2.879976749420166,0.19446298480033875,-70.75202941894531,86.39810943603516,179.55648803710938,-0.5865182280540466,0.18810482323169708,-0.04678088054060936,0.7863997220993042,1
77651,-163.4810791015625,68.34716033935547,-69.85879516601562,-109.51930236816406,97.45701599121094,118.84837341308594,-776.7525103376247,90.256171800429,-293.69915013969876,-404.63824462890625,66.50514221191406,157.7101287841797,0.6515196561813354,2.869901657104492,0.1507451981306076,-76.86585998535156,87.98976135253906,181.59664916992188,-0.5967806577682495,0.16986161470413208,-0.04781836271286011,0.7827600240707397,1
77653,-170.27268981933594,71.14978790283203,-74.30937194824219,-116.82438659667969,99.43009185791016,120.27239227294922,-810.8848051924724,334.6199009742122,-531.3769055705052,-396.6276550292969,123.7525405883789,61.64610290527344,0.6407036781311035,2.8702611923217773,0.1588878482580185,-83.15484619140625,90.56580352783203,182.5050048828125,-0.6195931434631348,0.16527391970157623,-0.04061880335211754,0.7662498950958252,1
77655,-178.39349365234375,75.18492126464844,-76.63365936279297,-124.13784790039062,101.9477310180664,120.09024810791016,-969.4424565805821,481.7047276785015,-277.4679634302738,-409.7813720703125,144.29888916015625,-13.484682083129883,0.6292369961738586,2.869227647781372,0.18669195473194122,-88.90827941894531,92.9993896484375,181.2252960205078,-0.6225959658622742,0.1724703162908554,-0.022002248093485832,0.7629837393760681,1
77656,-183.18414306640625,77.0632553100586,-76.4070053100586,-127.81642150878906,103.6595687866211,120.26173400878906,-571.4643653715029,224.06168359244475,27.036984594305977,-402.8786926269531,202.72354125976562,20.90398597717285,0.6177886724472046,2.8640213012695312,0.15577077865600586,-91.93313598632812,94.87490844726562,181.05441284179688,-0.6121801137924194,0.17918150126934052,-0.025012163445353508,0.7697426676750183,1
77658,-191.13951110839844,82.00833129882812,-75.46504211425781,-134.56552124023438,106.77589416503906,119.65115356445312,-951.7634759673383,591.6184753678972,112.69449266663287,-359.6830749511719,201.1995086669922,-44.483802795410156,0.6053553223609924,2.839235544204712,0.11008968204259872,-97.1768798828125,98.53528594970703,179.57791137695312,-0.5723187327384949,0.1812790483236313,-0.03197773918509483,0.7991035580635071,1
77660,-200.40106201171875,88.35884857177734,-74.47412872314453,-140.40480041503906,110.63224792480469,118.71491241455078,-1105.6514820235316,758.1299188168487,118.29604683688376,-306.2725524902344,231.37139892578125,-66.75501251220703,0.6097269058227539,2.810180187225342,0.08001314848661423,-101.339599609375,102.48332214355469,177.40223693847656,-0.5303055047988892,0.2138042002916336,-0.04557299241423607,0.8191378712654114,1
77662,-213.7476806640625,99.2930679321289,-71.87532806396484,-145.9223175048828,115.87022399902344,117.9050521850586,-1593.2667555236258,1305.2840317267692,310.23458468087483,-283.3699035644531,311.23455810546875,-51.55277633666992,0.612992525100708,2.756662130355835,0.0,-105.17216491699219,107.23438262939453,175.39126586914062,-0.4420241713523865,0.2923251688480377,-0.08694683760404587,0.8435643911361694,1
77664,-224.31683349609375,111.70951080322266,-68.07308959960938,-151.2805938720703,121.22806549072266,115.0307388305664,-1261.9046926265582,1482.4620074825361,453.9685097668553,-281.26959228515625,323.7461853027344,-183.18931579589844,0.6331866383552551,2.7083587646484375,0.0,-108.61843872070312,111.2920150756836,170.63812255859375,-0.35310232639312744,0.3374984860420227,-0.12214850634336472,0.8639984130859375,1
77666,-232.82760620117188,127.07763671875,-66.97850799560547,-156.32177734375,128.73265075683594,114.49510192871094,-1015.9555704249069,1834.5376703052316,130.66337410337292,-238.14248657226562,465.020751953125,-21.115137100219727,0.6574857831001282,2.6741085052490234,0.0,-112.42356872558594,116.7466049194336,168.12698364257812,-0.2830866873264313,0.37597018480300903,-0.143856942653656,0.8705248832702637,1
77668,-237.8580322265625,139.80662536621094,-65.78633880615234,-160.01573181152344,135.94273376464844,112.62952423095703,-600.6478813374415,1519.879235689994,142.34855939168483,-170.6271514892578,404.0914001464844,-129.56253051757812,0.6826775074005127,2.663735866546631,0.0,-114.68170166015625,121.32821655273438,163.99545288085938,-0.24125239253044128,0.3899007737636566,-0.15045951306819916,0.8758633136749268,1
77669,-239.12857055664062,146.05975341796875,-65.8332748413086,-161.15406799316406,139.47190856933594,111.53955078125,-151.75640670885332,746.8898980534868,-5.606162263546139,-104.03376770019531,422.6125793457031,-129.8190460205078,0.6941164135932922,2.6667885780334473,0.0,-115.36769104003906,123.58195495605469,161.92955017089844,-0.2251388132572174,0.3975194990634918,-0.15298688411712646,0.8762909173965454,1
77671,-240.7862548828125,158.26947021484375,-66.52698516845703,-162.77703857421875,146.35301208496094,109.26358032226562,-198.09277109242976,1459.0574311167002,-82.89817239064723,-39.3484001159668,389.12274169921875,-145.42181396484375,0.7134395837783813,2.678265333175659,0.0,-116.56546020507812,128.19261169433594,158.2604522705078,-0.2073979675769806,0.42591458559036255,-0.15560820698738098,0.8668153882026672,1
77673,-241.23873901367188,171.67135620117188,-63.94530487060547,-163.3135223388672,153.01751708984375,106.35104370117188,-54.01863828371279,1599.9492181970272,308.2071716171922,20.291179656982422,370.40020751953125,-211.3440704345703,0.7328242063522339,2.684434413909912,0.0,-117.35020446777344,132.51193237304688,154.6185302734375,-0.16264595091342926,0.4361845850944519,-0.17791937291622162,0.8669682741165161,1
77674,-240.44277954101562,178.2777557373047,-61.82896041870117,-163.02613830566406,156.02059936523438,104.34783935546875,95.03741650516167,788.8029050269397,252.6911432724155,66.4732666015625,358.449951171875,-238.31008911132812,0.7395091652870178,2.683868646621704,0.0,-117.32797241210938,134.58131408691406,152.46983337402344,-0.13884255290031433,0.4436601996421814,-0.19349998235702515,0.8639711141586304,1
77677,-234.6024169921875,197.09597778320312,-53.00674819946289,-160.4098663330078,164.26602172851562,99.10221862792969,696.9314093727153,2245.581486198702,1052.756013746548,180.17372131347656,290.49310302734375,-220.7789306640625,0.7361966967582703,2.6728620529174805,0.0,-116.08132934570312,139.25701904296875,146.94117736816406,-0.06869228929281235,0.4305152893066406,-0.24299746751785278,0.8665391802787781,1
77678,-232.11181640625,202.94317626953125,-50.10959243774414,-158.67782592773438,166.07476806640625,97.26223754882812,297.32203856203705,698.0247991781216,345.85563898505643,240.2258758544922,217.5000762939453,-220.37181091308594,0.7376432418823242,2.66409969329834,0.0,-115.18241882324219,140.28726196289062,145.39328002929688,-0.04241945967078209,0.4350469410419464,-0.2588273882865906,0.8613612055778503,1
77680,-225.49746704101562,212.871826171875,-44.37746047973633,-155.05648803710938,169.88760375976562,94.09870910644531,789.5321428650059,1185.1488030487671,684.2248841251712,256.4708251953125,208.8865203857422,-206.06588745117188,0.7464650869369507,2.6525185108184814,0.0,-113.166015625,142.5740966796875,143.05979919433594,-0.00329758133739233,0.42790430784225464,-0.28394538164138794,0.8580571413040161,1
77682,-218.17018127441406,221.04244995117188,-38.04207229614258,-151.1960906982422,172.90928649902344,90.95451354980469,875.1900926908711,975.9205810341518,756.7152624106966,252.6024932861328,175.33013916015625,-177.9052734375,0.757991373538971,2.6464622020721436,0.0,-110.91569519042969,144.57652282714844,140.83340454101562,0.04322656989097595,0.40741172432899475,-0.3023366630077362,0.8606623411178589,1
77684,-209.98228454589844,226.458251953125,-33.63508605957031,-147.1036376953125,174.8020477294922,88.43093872070312,979.7781203188933,648.0643908237107,527.3477224135422,296.0990295410156,97.8293685913086,-125.87939453125,0.7617855072021484,2.635962724685669,0.0,-108.06198120117188,145.80166625976562,138.8922882080078,0.0742870643734932,0.38504135608673096,-0.3152996003627777,0.8641821146011353,1
77686,-202.84478759765625,229.73074340820312,-29.503517150878906,-143.02719116210938,175.4615478515625,85.84038543701172,852.7701892586192,390.98905088589527,493.6294650280033,267.6160888671875,24.646345138549805,-153.55767822265625,0.7668206691741943,2.6326839923858643,0.0,-105.62103271484375,146.4119110107422,137.57025146484375,0.09981025010347366,0.3760257065296173,-0.3271080553531647,0.8611869215965271,1
77688,-198.4205780029297,230.63742065429688,-26.732128143310547,-139.55899047851562,175.4138946533203,83.51210021972656,527.8226648818236,108.16955887246877,330.6357667011325,214.02651977539062,-6.883902549743652,-135.14137268066406,0.7676222324371338,2.635469913482666,0.0,-103.07185363769531,146.1560821533203,135.746826171875,0.10405168682336807,0.37708520889282227,-0.33408063650131226,0.8575372695922852,1
77690,-194.5228729248047,230.3165283203125,-25.276718139648438,-136.8204803466797,174.8072509765625,82.11933898925781,464.6825009956956,-38.25662776362151,173.51327176380437,199.85350036621094,-43.427467346191406,-79.31831359863281,0.7666168808937073,2.640023708343506,0.0,-101.03115844726562,145.3444366455078,134.73167419433594,0.10380011051893234,0.37700119614601135,-0.33991101384162903,0.8553104996681213,1
77691,-192.8832244873047,229.85336303710938,-25.001493453979492,-135.52149963378906,174.4867706298828,81.69483184814453,195.5221091285348,-55.2307744610589,32.819542162513244,187.9514617919922,-38.16643524169922,-50.27908706665039,0.7669106721878052,2.6440086364746094,0.0,-100.05242919921875,145.00013732910156,134.50662231445312,0.10143128037452698,0.3796066641807556,-0.34152334928512573,0.8537987470626831,1
77693,-190.52537536621094,228.91995239257812,-24.802583694458008,-133.7693634033203,173.68057250976562,81.06855010986328,281.06811036681756,-111.2674953234382,23.71109743285342,124.3721923828125,-46.69453811645508,-37.063209533691406,0.7674447298049927,2.652026653289795,0.0,-98.7633056640625,144.12913513183594,134.14718627929688,0.09996450692415237,0.38473063707351685,-0.34255802631378174,0.8512598872184753,1
77695,-189.0193634033203,227.8383331298828,-24.884052276611328,-132.56417846679688,172.81484985351562,80.87721252441406,179.5103363727685,-128.92449891369324,-9.710714752945933,96.20379638671875,-52.5670280456543,-8.500051498413086,0.7684652805328369,2.656707525253296,0.0,-97.79109191894531,143.3100128173828,134.13587951660156,0.0998324528336525,0.3864864408969879,-0.34097594022750854,0.8511152267456055,1
77697,-188.01153564453125,226.2507781982422,-25.413127899169922,-131.66375732421875,171.8988037109375,80.89404296875,120.23714564065449,-189.4004921610467,-63.120451019261964,78.6133041381836,-52.13569641113281,2.5559983253479004,0.7691253423690796,2.6623260974884033,0.0,-97.05368041992188,142.4362335205078,134.265380859375,0.09844277799129486,0.3888705372810364,-0.33742547035217285,0.851606011390686,1
77699,-188.05288696289062,225.0222930908203,-26.079771041870117,-131.3445281982422,171.10723876953125,80.99372100830078,-4.936619334621355,-146.65949174552225,-79.58545357479306,49.68872833251953,-49.02750778198242,10.241249084472656,0.7687215209007263,2.667797565460205,0.0,-96.76634216308594,141.7228546142578,134.40151977539062,0.09884640574455261,0.3914814889431,-0.3324938416481018,0.8523024320602417,1
77701,-188.27163696289062,223.91604614257812,-26.677734375,-131.10342407226562,170.09825134277344,81.30172729492188,-26.133965969085693,-132.16283473721705,-71.43841553726816,45.09831237792969,-63.88690948486328,26.704975128173828,0.7689949870109558,2.6715054512023926,0.0,-96.52180480957031,140.71791076660156,134.70425415039062,0.09978307783603668,0.393386572599411,-0.3285302519798279,0.8528529405593872,1
77702,-188.373291015625,223.24703979492188,-27.136810302734375,-131.07379150390625,169.5926513671875,81.62176513671875,-12.136992265004665,-79.87605656962842,-54.81140037300065,35.73119354248047,-60.07414627075195,38.813838958740234,0.7691460251808167,2.6734251976013184,0.0,-96.49546813964844,140.20266723632812,135.02139282226562,0.09886693209409714,0.39407879114151,-0.32646816968917847,0.853431761264801,1
77704,-188.72250366210938,221.83677673339844,-28.371028900146484,-131.27508544921875,168.66619873046875,82.55394744873047,-41.69813793362118,-168.3940838171402,-147.37329198481166,19.746719360351562,-57.09989547729492,59.84602737426758,0.7705196142196655,2.6751787662506104,0.0,-96.66575622558594,139.17059326171875,135.9062957763672,0.09287413209676743,0.3952011466026306,-0.32255640625953674,0.8550717830657959,1
77706,-189.41702270507812,221.08050537109375,-29.435335159301758,-131.57273864746094,168.10459899902344,83.16777038574219,-82.86718245735392,-90.2352175967535,-126.98868643101014,16.554983139038086,-29.60613250732422,32.256404876708984,0.7700471878051758,2.677705764770508,0.0,-96.98234558105469,138.3656463623047,136.4114990234375,0.08967852592468262,0.39966872334480286,-0.319491982460022,0.8544867038726807,1
77708,-190.39413452148438,220.42794799804688,-30.58275032043457,-131.894287109375,167.71282958984375,83.9330825805664,-116.7537097223103,-77.9731580670923,-137.10301564726979,5.91667366027832,-18.52581214904785,51.17729568481445,0.7699002027511597,2.6801886558532715,0.0,-97.29496765136719,137.7686767578125,137.06192016601562,0.08487806469202042,0.40400031208992004,-0.3155556619167328,0.8544027209281921,1
77710,-191.85385131835938,220.04600524902344,-31.82822608947754,-132.58840942382812,167.57754516601562,84.81710052490234,-174.2876040469855,-45.60328877007123,-148.70760420773877,-11.710922241210938,-1.3609533309936523,52.57197189331055,0.7692463397979736,2.683769464492798,0.0,-97.92745971679688,137.45401000976562,137.76576232910156,0.08015040308237076,0.4083184003829956,-0.31173408031463623,0.8542094826698303,1
77712,-193.60768127441406,219.8365936279297,-32.831626892089844,-133.34588623046875,167.68359375,85.43020629882812,-209.29036583541892,-24.989785718731582,-119.73915734150796,-14.82760238647461,7.827071666717529,34.04875183105469,0.7699556946754456,2.688774585723877,0.0,-98.61090087890625,137.3810577392578,138.2095489501953,0.07447370141744614,0.41228389739990234,-0.307599812746048,0.8543172478675842,1
77714,-194.9650421142578,219.97682189941406,-33.74788284301758,-134.21817016601562,167.94056701660156,86.0658950805664,-162.15468449424952,16.752119592856616,-109.45887805026723,-24.95040512084961,16.184768676757812,37.22483825683594,0.7701050639152527,2.6925411224365234,0.0,-99.35026550292969,137.4645538330078,138.6279296875,0.07280774414539337,0.41336187720298767,-0.30474913120269775,0.8549613356590271,1
77715,-195.46983337402344,220.0583038330078,-34.31499099731445,-134.70071411132812,168.02655029296875,86.45282745361328,-60.317595129832625,9.736290369182825,-67.76385165937245,-25.592723846435547,10.558000564575195,46.96162033081055,0.7695006728172302,2.6931915283203125,0.0,-99.73908996582031,137.4710235595703,138.91363525390625,0.07312948256731033,0.4138493537902832,-0.3037518858909607,0.8550529479980469,1
77717,-196.6031036376953,220.0742950439453,-35.47368621826172,-135.7526092529297,168.22811889648438,87.4707260131836,-135.12761618359946,1.90674218069762,-138.15920889217523,-21.942535400390625,9.488242149353027,63.36333084106445,0.7699668407440186,2.693695068359375,0.0,-100.48822021484375,137.53282165527344,139.65118408203125,0.07162518799304962,0.4118104875087738,-0.3009842336177826,0.857140839099884,1
77719,-197.55552673339844,220.49688720703125,-36.4017333984375,-136.64268493652344,168.4399871826172,88.46595764160156,-113.74328370555304,50.46813807275612,-110.83218601386761,-19.328659057617188,10.8746976852417,55.44792175292969,0.7702077627182007,2.6898233890533447,0.0,-100.9329833984375,137.58631896972656,140.2471466064453,0.07517395168542862,0.4083777368068695,-0.3010885417461395,0.8584417104721069,1
77721,-198.2919158935547,220.8790283203125,-36.8029899597168,-137.08351135253906,168.52723693847656,88.93818664550781,-87.99009980633855,45.661501441150904,-47.945579301333055,9.03502082824707,8.863771438598633,14.105958938598633,0.7720773220062256,2.691012382507324,0.0,-101.19842529296875,137.67706298828125,140.61199951171875,0.07876031845808029,0.4080488681793213,-0.30172595381736755,0.858052670955658,1
77723,-199.09539794921875,221.00682067871094,-37.16256332397461,-137.42697143554688,168.67874145507812,89.0950698852539,-95.92924852564465,15.257372360792942,-42.930146827711724,9.800762176513672,10.3617582321167,10.27304744720459,0.7720364332199097,2.6922683715820312,0.0,-101.46540832519531,137.81980895996094,140.7024383544922,0.07677529007196426,0.410020112991333,-0.3004854917526245,0.857728123664856,1
77725,-199.80982971191406,220.8684539794922,-37.74993133544922,-137.85479736328125,168.85401916503906,89.37568664550781,-85.31773412972689,-16.5238079726696,-70.14372884295881,9.165933609008789,6.403162002563477,25.638519287109375,0.7713346481323242,2.6940510272979736,0.0,-101.84112548828125,137.95724487304688,140.9174041748047,0.07238394021987915,0.4121641218662262,-0.2987944185733795,0.8576731085777283,1
77726,-200.28131103515625,220.746826171875,-38.18029022216797,-138.04754638671875,168.84918212890625,89.55524444580078,-56.34935624618083,-14.536416021175683,-51.43458505347371,9.185617446899414,-0.3203928768634796,22.059293746948242,0.7720399498939514,2.6952219009399414,0.0,-101.99160766601562,137.93893432617188,141.0484161376953,0.07094529271125793,0.4141401946544647,-0.2976188063621521,0.8572500348091125,1
77728,-201.1774444580078,220.32989501953125,-38.603179931640625,-138.4886932373047,168.75950622558594,89.83055114746094,-106.962691007182,-49.76499802619219,-50.47621277254075,3.554014205932617,-9.769754409790039,15.493375778198242,0.7723241448402405,2.6980559825897217,0.0,-102.32513427734375,137.7053680419922,141.1537322998047,0.06668625771999359,0.4147443473339081,-0.2945387065410614,0.8583629727363586,1
77730,-202.51486206054688,220.05490112304688,-38.9737434387207,-139.05209350585938,168.78033447265625,90.0096664428711,-159.64928771881387,-32.82638094294816,-44.23465030489024,-3.680187225341797,7.6742119789123535,11.048016548156738,0.7717826962471008,2.7012152671813965,0.0,-102.76484680175781,137.6483917236328,141.20176696777344,0.06424321979284286,0.41682252287864685,-0.29157310724258423,0.8585551381111145,1
77732,-203.83779907226562,219.36585998535156,-39.281307220458984,-139.68634033203125,168.71205139160156,90.20340728759766,-158.0255285371095,-82.30632978258654,-36.73865704680793,-8.098617553710938,-5.7050604820251465,12.55220890045166,0.7720885276794434,2.7035889625549316,0.0,-103.2232666015625,137.53515625,141.26385498046875,0.059301067143678665,0.41746458411216736,-0.286624938249588,0.8602632284164429,1
77734,-204.60572814941406,217.8461151123047,-39.849552154541016,-140.13165283203125,168.4101104736328,90.42373657226562,-91.71492410846986,-181.5054148142226,-67.8663467176957,3.7446937561035156,-18.490711212158203,15.967679977416992,0.7721138596534729,2.707402229309082,0.0,-103.55667114257812,137.25868225097656,141.41883850097656,0.05035609379410744,0.41858017444610596,-0.2814156413078308,0.8620093464851379,1
77736,-205.76202392578125,216.73226928710938,-40.10725784301758,-140.72384643554688,168.02102661132812,90.38910675048828,-137.83658419072162,-132.7763250527205,-30.719883746118285,-9.952777862548828,-19.524307250976562,-2.509343385696411,0.773192822933197,2.713660955429077,0.0,-104.03573608398438,137.0186767578125,141.3670196533203,0.045053351670503616,0.4217102825641632,-0.2774158716201782,0.8620736598968506,1
77737,-206.07662963867188,216.3075408935547,-40.10743713378906,-141.06642150878906,167.84475708007812,90.43074035644531,-37.50217133900151,-50.62920454074629,-0.021372126939240843,-8.682796478271484,-20.778650283813477,5.589717864990234,0.772565484046936,2.7133054733276367,0.0,-104.27531433105469,136.93650817871094,141.39755249023438,0.0438670888543129,0.4204087555408478,-0.27654486894607544,0.8630498647689819,1
77739,-206.82928466796875,215.7438201904297,-40.07954025268555,-141.77740478515625,167.60751342773438,90.53126525878906,-89.68602002458647,-67.1726943962276,3.3241792586049996,-9.843338012695312,-13.084840774536133,3.726616859436035,0.7730374336242676,2.7130188941955566,0.0,-104.72061157226562,136.84915161132812,141.40614318847656,0.04434050992131233,0.4170207977294922,-0.2749004662036896,0.8651920557022095,1
77741,-207.26492309570312,215.56149291992188,-40.23817443847656,-142.14517211914062,167.38290405273438,90.89976501464844,-51.90909458324313,-21.72545608319342,-18.90227406518534,14.287704467773438,-16.07514762878418,21.496192932128906,0.7726381421089172,2.712035894393921,0.0,-104.92404174804688,136.670654296875,141.64479064941406,0.04558735713362694,0.4135536253452301,-0.27453485131263733,0.8669058680534363,1
77743,-207.47242736816406,215.4858856201172,-40.6527099609375,-142.33712768554688,167.14352416992188,91.3365707397461,-24.729713337379508,-9.010642663924955,-49.40305333014112,26.827030181884766,-17.857418060302734,30.538436889648438,0.7717256546020508,2.7083730697631836,0.0,-104.98793029785156,136.46621704101562,141.9709930419922,0.04891703650355339,0.41256746649742126,-0.2749848961830139,0.8670516014099121,1
77745,-207.7167510986328,215.05001831054688,-41.136085510253906,-142.5071258544922,166.83111572265625,91.70056915283203,-29.164857271593064,-52.029362226021476,-57.7004078864702,16.563961029052734,-19.181718826293945,20.666553497314453,0.7714437246322632,2.7084670066833496,0.0,-105.05415344238281,136.152099609375,142.22364807128906,0.04694211855530739,0.41247498989105225,-0.2738795876502991,0.8675544857978821,1
77747,-208.38255310058594,214.84129333496094,-41.20491027832031,-143.13352966308594,166.7229766845703,91.64783477783203,-79.49768962804228,-24.922053820919245,-8.217773503856733,-5.904083251953125,-2.890673875808716,2.8242573738098145,0.772311806678772,2.7096338272094727,0.0,-105.55026245117188,136.14234924316406,142.14466857910156,0.047045182436704636,0.41349226236343384,-0.27283328771591187,0.8673943281173706,1
77748,-208.7613525390625,214.86021423339844,-41.2164192199707,-143.3834228515625,166.67543029785156,91.6091079711914,-45.25319839012809,2.2603813093155622,-1.3749133891542442,2.2870941162109375,-5.433384418487549,-4.0120134353637695,0.7720163464546204,2.709205389022827,0.0,-105.74787902832031,136.1688232421875,142.10671997070312,0.048591289669275284,0.4140550494194031,-0.2728540003299713,0.8670340180397034,1
77750,-209.20877075195312,214.82089233398438,-41.1354866027832,-143.7273712158203,166.60592651367188,91.48896026611328,-53.432993124006316,-4.696024257573299,9.66539102140814,17.306856155395508,-6.814757823944092,-7.516327857971191,0.7716542482376099,2.7073473930358887,0.0,-105.97129821777344,136.23385620117188,141.97366333007812,0.05100809410214424,0.413545697927475,-0.2725972831249237,0.8672190308570862,1
77752,-208.97833251953125,214.47547912597656,-40.77362060546875,-143.56048583984375,166.43394470214844,91.49054718017578,27.51720331935212,-41.24665153888054,43.21132009132998,40.4848518371582,-9.342485427856445,5.691880702972412,0.771096408367157,2.705972671508789,0.0,-105.75424194335938,136.0890655517578,141.95384216308594,0.05101652815937996,0.4080524146556854,-0.2728184461593628,0.8697474598884583,1
77754,-208.9066925048828,214.53773498535156,-40.609458923339844,-143.41278076171875,166.2738494873047,91.53010559082031,8.555847819079645,7.435113759711385,19.60555671172915,43.932491302490234,-12.562851905822754,-2.0711147785186768,0.7721911668777466,2.704827308654785,0.0,-105.66725158691406,135.9380645751953,142.03334045410156,0.05390143021941185,0.40781086683273315,-0.27288568019866943,0.8696656227111816,1
77756,-208.89414978027344,214.40037536621094,-40.59369659423828,-143.30087280273438,166.1165771484375,91.38421630859375,1.4982351148501039,-16.40767944511026,1.882818581070751,33.51649475097656,-7.298719882965088,-7.232234954833984,0.7717308402061462,2.705146074295044,0.0,-105.5738525390625,135.79588317871094,141.9007568359375,0.05379067361354828,0.4103420376777649,-0.2718507945537567,0.8688055872917175,1
77758,-209.03466796875,214.40074157714844,-40.47898483276367,-143.39215087890625,166.1278533935547,91.28723907470703,-16.783635359839536,0.04374060686677694,13.701289469696349,28.235055923461914,2.6591010093688965,-10.176046371459961,0.770832896232605,2.705153465270996,0.0,-105.68333435058594,135.8022003173828,141.81277465820312,0.053652893751859665,0.4102548062801361,-0.2708507180213928,0.8691675662994385,1
77760,-209.2908477783203,214.49124145507812,-40.247371673583984,-143.65809631347656,166.131103515625,91.08893585205078,-30.59188028110657,10.807102385326289,27.658237583353184,14.728631973266602,0.3299875259399414,-12.198553085327148,0.7720613479614258,2.705711841583252,0.0,-105.94075012207031,135.82615661621094,141.62515258789062,0.05526422709226608,0.40992531180381775,-0.27044713497161865,0.8693476915359497,1
77761,-209.3667449951172,214.54293823242188,-40.194278717041016,-143.8136444091797,166.16285705566406,91.03465270996094,-9.058388297678903,6.170048160944134,6.336683168832678,13.682741165161133,4.038266181945801,-5.840997695922852,0.7724210619926453,2.705958604812622,0.0,-106.08226013183594,135.872314453125,141.57305908203125,0.05601520091295242,0.40936771035194397,-0.27040570974349976,0.8695752620697021,1
77763,-209.48025512695312,214.30288696289062,-40.52421188354492,-143.97035217285156,165.9951934814453,91.09456634521484,-13.5615448866738,-28.679960230831057,-39.41853801748948,24.68644905090332,-13.0881929397583,3.097283363342285,0.7717056274414062,2.7056796550750732,0.0,-106.24800109863281,135.7504119873047,141.67169189453125,0.0561353974044323,0.412154883146286,-0.2690330147743225,0.8686761856079102,1
77765,-209.529052734375,214.1774444580078,-40.70735549926758,-144.03077697753906,165.8580780029297,91.0957260131836,-5.826039022067562,-14.97681888693478,-21.865864090796094,29.022497177124023,-4.600400924682617,-4.642699718475342,0.7715206742286682,2.7053890228271484,0.0,-106.31584167480469,135.64016723632812,141.6820068359375,0.05659196153283119,0.41327252984046936,-0.26860207319259644,0.8682488203048706,1
77767,-209.8497772216797,214.0191192626953,-41.214683532714844,-144.15765380859375,165.7803192138672,91.1689453125,-38.28936571290251,-18.901491918601096,-60.5668396957044,18.775463104248047,-2.3227429389953613,6.141425132751465,0.7704839706420898,2.7062933444976807,0.0,-106.43170166015625,135.56369018554688,141.7418975830078,0.05593167990446091,0.4168771505355835,-0.2672601640224457,0.8669816255569458,1
77769,-210.69493103027344,213.33761596679688,-42.21505355834961,-144.42071533203125,165.6754608154297,91.302978515625,-100.88711506314576,-81.3519394104369,-119.41547781683039,17.936336517333984,-12.961856842041016,8.739410400390625,0.7687011957168579,2.709704875946045,0.0,-106.62974548339844,135.47108459472656,141.83119201660156,0.04989653080701828,0.4242604076862335,-0.2624701261520386,0.8652299642562866,1
77771,-212.17379760742188,211.8814697265625,-43.198482513427734,-145.04421997070312,165.5029754638672,91.57996368408203,-176.64905109303072,-173.93513083923608,-117.46955027338117,-19.205738067626953,-9.213531494140625,19.3764591217041,0.7680389285087585,2.7127292156219482,0.0,-106.96298217773438,135.30535888671875,141.84930419921875,0.038195591419935226,0.42751240730285645,-0.25497815012931824,0.8664643168449402,1
77773,-213.20619201660156,210.35000610351562,-44.05765914916992,-145.4813995361328,164.84115600585938,91.99198913574219,-123.30205460381694,-182.90743304463103,-102.61412064288743,5.7895355224609375,-46.991031646728516,20.791126251220703,0.7678322792053223,2.7127585411071777,0.0,-106.99986267089844,134.6654815673828,141.8710174560547,0.03144844248890877,0.42740944027900696,-0.2500004470348358,0.8682349324226379,1
77774,-213.82122802734375,209.32498168945312,-44.24503707885742,-145.54776000976562,164.3868408203125,92.08763122558594,-73.41570535756182,-122.35525896493345,-22.366955163888633,24.266603469848633,-54.02607345581055,12.049297332763672,0.7654278874397278,2.712461233139038,0.0,-106.85530090332031,134.18728637695312,141.7491912841797,0.02533828094601631,0.42724692821502686,-0.24640202522277832,0.8695424199104309,1
77776,-214.48069763183594,206.75857543945312,-44.3430061340332,-145.6267852783203,162.9287872314453,92.4658432006836,-78.73532848490868,-306.4081160724163,-11.696711551339831,37.08599090576172,-102.03475189208984,17.41559410095215,0.7654657959938049,2.7129249572753906,0.0,-106.42155456542969,132.88124084472656,141.74964904785156,0.02075807750225067,0.42225486040115356,-0.24238410592079163,0.8732238411903381,1
77778,-214.96969604492188,202.27003479003906,-44.53862762451172,-144.95799255371094,160.78048706054688,92.99913787841797,-58.41499636566732,-536.1941444104305,-23.368641593813663,91.21321868896484,-140.5722198486328,29.3228759765625,0.7593259215354919,2.7136592864990234,0.0,-105.07518005371094,131.0782928466797,141.82821655273438,0.006026130635291338,0.41751569509506226,-0.2357400357723236,0.8775368928909302,1
77779,-215.19419860839844,199.82484436035156,-44.14228820800781,-144.53236389160156,159.53048706054688,93.12177276611328,-26.794545038952492,-291.83526496309787,47.30339904263383,82.89762115478516,-148.63832092285156,15.230523109436035,0.7598090767860413,2.7158701419830322,0.0,-104.35585021972656,130.0958251953125,141.82974243164062,-0.0012591489357873797,0.413542777299881,-0.2325708121061325,0.8802792429924011,1
77782,-213.3404998779297,187.00437927246094,-44.12652587890625,-141.1863250732422,154.54824829101562,93.8087387084961,221.07905857171863,-1529.0167196509428,1.879874448524788,190.79931640625,-228.27053833007812,31.922544479370117,0.7489075660705566,2.7293710708618164,0.0,-100.367431640625,126.15515899658203,142.41883850097656,-0.05185267701745033,0.4000403881072998,-0.20747652649879456,0.8911972045898438,1
77784,-210.71844482421875,176.36207580566406,-44.97711944580078,-137.99989318847656,150.77305603027344,94.10721588134766,312.63739514595363,-1268.9215009056497,-101.41944071900798,233.81924438476562,-239.0500030517578,9.644222259521484,0.7416360378265381,2.7486958503723145,0.0,-97.14686584472656,123.00301361083984,143.01780700683594,-0.11059120297431946,0.39904844760894775,-0.18503396213054657,0.8912308216094971,1
77785,-206.44076538085938,164.69117736816406,-46.0604248046875,-135.79568481445312,148.83595275878906,94.30591583251953,265.6239441577345,-743.0191373806447,-58.29525142069906,295.32373046875,-230.98211669921875,24.342329025268555,0.7376937866210938,2.7637596130371094,0.0,-95.05641174316406,121.40435791015625,143.58648681640625,-0.15324640274047852,0.39253172278404236,-0.16857881844043732,0.8910754919052124,1
77787,-202.9242706298828,158.405517578125,-46.42148208618164,-131.0855255126953,144.95640563964844,94.37339782714844,663.5426861559972,-1397.6163434372284,-113.89018214124371,346.4816589355469,-246.91372680664062,-4.458658695220947,0.7260334491729736,2.799349784851074,0.0,-90.8515625,118.04399108886719,144.47203063964844,-0.237272709608078,0.3710007965564728,-0.13715028762817383,0.8872710466384888,1
77789,-195.9723358154297,148.58148193359375,-47.05376434326172,-124.91790771484375,140.76353454589844,94.37590026855469,829.7075221622363,-1172.4903195742518,-75.46235096140299,426.08587646484375,-262.4756774902344,-1.464853048324585,0.7189477682113647,2.8317675590515137,0.0,-85.95341491699219,114.61319732666016,146.1331787109375,-0.2972554564476013,0.3594432771205902,-0.11996706575155258,0.8763832449913025,1
77791,-187.8671417236328,140.6030731201172,-46.742733001708984,-118.13088989257812,136.70712280273438,94.40450286865234,967.5918028070591,-952.4562743261922,37.13068102922989,427.9423828125,-209.5777587890625,-3.4268205165863037,0.7095666527748108,2.847947835922241,0.0,-80.26313781738281,111.02558135986328,147.3522186279297,-0.33788320422172546,0.34276166558265686,-0.10850086808204651,0.8698143362998962,1
77792,-183.2073211669922,136.63148498535156,-45.715885162353516,-114.61946105957031,134.82742309570312,94.3166732788086,555.2840723921545,-473.27136453660205,122.36356379685458,444.4809265136719,-220.44325256347656,-9.689603805541992,0.7040138840675354,2.8498051166534424,0.0,-77.28335571289062,109.4360122680664,147.8704833984375,-0.35580524802207947,0.32440268993377686,-0.10589935630559921,0.8700292110443115,1
77795,-170.15350341796875,129.50299072265625,-42.96522521972656,-103.33651733398438,129.9758758544922,93.6035385131836,1558.7888924439903,-851.2312558807898,328.46315521589713,502.9359130859375,-176.3390350341797,-47.14374923706055,0.694655179977417,2.8369617462158203,0.0,-67.47152709960938,104.92212677001953,148.43374633789062,-0.37108877301216125,0.30252450704574585,-0.10915575176477432,0.8711240291595459,1
77797,-160.38307189941406,126.27870178222656,-38.477603912353516,-94.70597839355469,127.25704956054688,92.14624786376953,1166.4329990226543,-384.9284457251197,535.7500914976408,557.9783325195312,-148.1635284423828,-96.686767578125,0.6924827098846436,2.8347058296203613,0.0,-60.374332427978516,102.14530944824219,148.0675811767578,-0.3663928806781769,0.2855960428714752,-0.12071999162435532,0.8772786855697632,1
77798,-154.9375,125.35919952392578,-36.38534927368164,-90.05299377441406,126.0616455078125,91.4948501586914,650.2261794027872,-109.79277317621745,249.82476866897196,590.176025390625,-143.0918731689453,-77.49197387695312,0.696444034576416,2.8369510173797607,0.0,-56.90396499633789,100.79900360107422,148.10711669921875,-0.3661956191062927,0.28127360343933105,-0.1280246078968048,0.8777218461036682,1
77800,-140.975341796875,124.79737854003906,-30.57569122314453,-80.13446044921875,124.27865600585938,90.49327850341797,1667.6322206575423,-67.1035782105173,693.9022474268859,625.4370727539062,-100.16038513183594,-53.111148834228516,0.7118988037109375,2.827796697616577,0.0,-49.85407638549805,98.43722534179688,148.5087890625,-0.3562867343425751,0.24674104154109955,-0.14607350528240204,0.8892925381660461,1
77802,-126.62173461914062,125.5523452758789,-27.43775749206543,-69.66458129882812,122.66632080078125,89.8468246459961,1712.795492556179,90.08910486154491,374.4451609954558,655.6177978515625,-68.28593444824219,-19.11007308959961,0.7245762348175049,2.8152334690093994,0.0,-42.109134674072266,96.22762298583984,148.94219970703125,-0.36009877920150757,0.2249853014945984,-0.16106867790222168,0.8909362554550171,1
77804,-112.82032775878906,126.6051254272461,-23.609243392944336,-60.44398880004883,122.24028778076172,89.85380554199219,1648.8041839704383,125.77183876535855,457.37873891356867,564.0111694335938,-19.16075325012207,-7.880877494812012,0.7238553762435913,2.788424015045166,0.028937799856066704,-35.397579193115234,95.3709487915039,149.79025268554688,-0.3533111810684204,0.19067774713039398,-0.18247030675411224,0.8975064158439636,1
77806,-99.1214599609375,127.3330307006836,-20.53148651123047,-51.845333099365234,122.33910369873047,90.38119506835938,1635.7074398924597,86.91521729156375,367.49824174441164,528.9954833984375,12.517717361450195,14.970251083374023,0.7066987156867981,2.757085084915161,0.0877772644162178,-29.450973510742188,95.14984893798828,151.04049682617188,-0.35404378175735474,0.1547400951385498,-0.20632797479629517,0.8989645838737488,1
77807,-92.18618774414062,128.6378173828125,-18.31061363220215,-47.88778305053711,123.19754028320312,90.63764953613281,827.4006429337896,155.66531578532886,264.95739324143506,503.1655578613281,102.4189682006836,31.1415958404541,0.6939104199409485,2.7270665168762207,0.08523424714803696,-26.400672912597656,95.82980346679688,151.468017578125,-0.3383289873600006,0.1316182017326355,-0.21700263023376465,0.9061567187309265,1
77809,-79.45901489257812,132.78439331054688,-14.558381080627441,-39.950748443603516,124.525634765625,91.20787048339844,1519.0175790032372,494.9034479504917,447.8376519927915,516.3359375,81.10248565673828,26.303754806518555,0.6661457419395447,2.6911327838897705,0.047068409621715546,-20.816017150878906,97.20980834960938,152.68759155273438,-0.29283013939857483,0.11707296222448349,-0.24007174372673035,0.9181012511253357,1
77811,-69.66018676757812,137.80398559570312,-12.886496543884277,-32.62147903442383,126.5091323852539,90.95893859863281,1169.885148987174,599.2906900155358,199.60681679546542,448.1827697753906,128.84942626953125,-23.3549747467041,0.6562434434890747,2.681119441986084,0.03908298909664154,-15.573078155517578,99.06729888916016,152.92478942871094,-0.26643261313438416,0.1218683123588562,-0.25154855847358704,0.9224343299865723,1
77813,-62.15321731567383,144.52427673339844,-11.44450855255127,-26.37946319580078,129.3178253173828,90.65386962890625,895.7841126305284,801.9121526959352,172.06809505698038,402.5622863769531,161.12301635742188,-35.092987060546875,0.6422641277313232,2.675933837890625,0.028013233095407486,-11.51034164428711,101.31869506835938,152.8792266845703,-0.23266375064849854,0.13604232668876648,-0.25908464193344116,0.9274886846542358,1
77815,-54.854434967041016,151.7265625,-9.911258697509766,-21.192909240722656,133.06765747070312,90.32424926757812,871.9591412732843,860.431043463992,183.17181731139135,327.64459228515625,245.69544982910156,-7.631723403930664,0.6299442052841187,2.661677360534668,0.0,-8.304176330566406,104.30347442626953,152.76434326171875,-0.18955233693122864,0.13828057050704956,-0.2649460434913635,0.9352817535400391,1
77817,-47.98740005493164,158.97171020507812,-8.459504127502441,-16.97488021850586,136.93670654296875,89.98664855957031,820.5431919787079,865.7239551525563,173.4704052170855,271.98590087890625,272.74334716796875,-20.059480667114258,0.6325703859329224,2.6484274864196777,0.0,-5.780345916748047,107.41270446777344,152.55136108398438,-0.15266896784305573,0.13139599561691284,-0.2718183398246765,0.9410324692726135,1
77818,-41.780765533447266,167.02528381347656,-7.90501594543457,-15.236942291259766,139.12579345703125,89.9180679321289,391.3023207188817,483.3477921236772,54.60648754786234,238.2606201171875,259.81500244140625,-7.509154319763184,0.6385915279388428,2.6415762901306152,0.0,-4.676761627197266,109.25773620605469,152.5164031982422,-0.13249057531356812,0.12642818689346313,-0.2771015763282776,0.9432268142700195,1
77820,-39.32973861694336,171.29188537597656,-7.6186842918396,-12.246341705322266,143.582275390625,90.17251586914062,642.6006012717262,987.9755964176729,45.795446988675394,197.04525756835938,277.5315856933594,15.37353229522705,0.649957537651062,2.625048875808716,0.0,-2.8539199829101562,113.16436767578125,152.82858276367188,-0.08961676806211472,0.11910656094551086,-0.2830989360809326,0.9474372863769531,1
77822,-34.96186447143555,179.88575744628906,-7.629721641540527,-10.252677917480469,148.21580505371094,90.53672790527344,521.7240917249583,1026.501668985933,-1.3183647366968216,144.79736328125,280.333984375,25.93882179260254,0.6633901000022888,2.6242787837982178,0.0,-1.6459846496582031,116.83869934082031,153.085693359375,-0.04864860698580742,0.11280849575996399,-0.29009222984313965,0.9490806460380554,1
77824,-32.03776931762695,188.44984436035156,-8.081693649291992,-9.107322692871094,153.0017852783203,91.0751953125,349.173485783278,1022.6589502189308,-53.97110323769448,89.62229919433594,283.2010803222656,27.9123477935791,0.6831051707267761,2.6176745891571045,0.0,-1.1210784912109375,120.85460662841797,153.50384521484375,-0.011164951138198376,0.10732846707105637,-0.29264217615127563,0.9501139521598816,1
77826,-29.773502349853516,194.32969665527344,-8.639594078063965,-8.541969299316406,157.29037475585938,91.80590057373047,270.173854102497,701.5879216904286,-66.56905355775234,56.707454681396484,244.60581970214844,59.11322784423828,0.6972536444664001,2.626793384552002,0.0,-0.9412651062011719,124.49829864501953,154.0480499267578,0.003813015064224601,0.09642535448074341,-0.29529425501823425,0.9505203366279602,1
77828,-28.043121337890625,201.77723693847656,-10.306236267089844,-8.491325378417969,161.44906616210938,92.83341979980469,206.37445801126887,888.2333306001965,-198.7726264221783,18.61692237854004,256.5844421386719,50.80704879760742,0.7080918550491333,2.6312100887298584,0.0,-0.9951438903808594,127.80201721191406,154.73728942871094,0.03169230744242668,0.09301658719778061,-0.2972762882709503,0.9497211575508118,1
77830,-27.83556365966797,208.63095092773438,-11.825087547302246,-9.053977966308594,165.05796813964844,93.56378936767578,24.734112897422165,816.7394096357748,-180.99758756632218,-13.399303436279297,202.77149963378906,40.744869232177734,0.7153449654579163,2.6303486824035645,0.0,-1.5002288818359375,130.72445678710938,155.13592529296875,0.056307338178157806,0.0932171642780304,-0.2981168329715729,0.9482966065406799,1
77831,-28.166343688964844,211.53713989257812,-12.657554626464844,-9.60986328125,166.45004272460938,93.86258697509766,-39.41820249147713,346.3230393268168,-99.20295358722797,-34.31234359741211,166.8160400390625,36.372344970703125,0.7176713943481445,2.6283204555511475,0.0,-1.8982582092285156,131.8018035888672,155.25413513183594,0.06761616468429565,0.0941721498966217,-0.3000063896179199,0.9468663334846497,1
77833,-29.43951416015625,216.96463012695312,-14.625507354736328,-11.117179870605469,169.05038452148438,94.82115936279297,-151.6742420506198,646.5830665752292,-234.44444024271797,-65.09724426269531,159.35752868652344,60.325653076171875,0.7237697839736938,2.6255300045013428,0.0,-2.869964599609375,133.8195037841797,155.82974243164062,0.08987994492053986,0.09764357656240463,-0.30115988850593567,0.9442933797836304,1
77835,-31.963993072509766,222.5987548828125,-17.37866973876953,-13.009170532226562,171.00820922851562,95.88954162597656,-300.9671463567065,671.6976092336699,-328.2306784676621,-81.64529418945312,98.66474151611328,62.65635681152344,0.7236458659172058,2.6184017658233643,0.0,-3.7464981079101562,135.04722595214844,156.3199462890625,0.1222347542643547,0.10363250225782394,-0.2988910675048828,0.940735399723053,1
77837,-35.72761917114258,225.48089599609375,-19.625417709350586,-14.734569549560547,171.7620391845703,96.91703033447266,-449.4895789664006,344.2138941488229,-268.32893939888163,-67.44049072265625,27.90761375427246,59.72012710571289,0.7212845087051392,2.6190011501312256,0.0,-4.595207214355469,135.2895965576172,156.8573760986328,0.13505910336971283,0.1172894760966301,-0.29492902755737305,0.9386261701583862,1
77839,-40.3056526184082,229.42742919921875,-22.941190719604492,-16.513729095458984,171.96812438964844,98.08946228027344,-546.8920460571535,471.4530033804476,-396.10236725595314,-71.65274047851562,6.473013877868652,79.01588439941406,0.7183451056480408,2.614835023880005,0.0,-5.409091949462891,134.8791046142578,157.40048217773438,0.15633068978786469,0.14317499101161957,-0.2898121774196625,0.9333115816116333,1
77841,-47.046932220458984,230.81619262695312,-25.892610549926758,-18.709735870361328,171.76535034179688,99.24398040771484,-805.0784171171836,165.8532990992535,-352.47379511172767,-115.18698120117188,-20.23580551147461,48.811180114746094,0.7050901055335999,2.603639841079712,0.0,-6.2506103515625,134.2775421142578,157.99148559570312,0.16223736107349396,0.1733584702014923,-0.2767665386199951,0.9311423897743225,1
77843,-53.274112701416016,229.61399841308594,-29.499425888061523,-20.82140350341797,169.6637420654297,100.33979034423828,-386.59475842426764,-23.729955691844225,-231.45452483464032,-104.37980651855469,-148.8926544189453,57.473758697509766,0.7023898363113403,2.591432809829712,0.0,-7.035137176513672,132.2364044189453,158.73497009277344,0.16873957216739655,0.19751927256584167,-0.2617538273334503,0.9295149445533752,1
77844,-55.708797454833984,228.31332397460938,-30.57067108154297,-21.759254455566406,168.30007934570312,100.95176696777344,-648.0514813215123,-275.2816673736088,-327.3201459953998,-80.24153137207031,-163.23028564453125,73.99163818359375,0.7019889950752258,2.5874249935150146,0.0,-7.379547119140625,131.00852966308594,159.23387145996094,0.17014242708683014,0.20451213419437408,-0.254397988319397,0.9297892451286316,1
77846,-60.5130500793457,223.5890655517578,-31.498865127563477,-23.57574462890625,165.4859161376953,101.83773803710938,-573.7106076948694,-564.1579206000315,-110.84237483354809,-66.94255065917969,-181.83587646484375,63.94322204589844,0.6975513696670532,2.596510171890259,0.0,-8.251548767089844,128.4976043701172,160.014404296875,0.15897150337696075,0.21559108793735504,-0.23818327486515045,0.9335508942604065,1
77848,-65.82157897949219,216.1232147216797,-33.25321960449219,-24.95273208618164,161.6834259033203,103.29718017578125,-633.5768042150012,-891.0547533303034,-209.38348907210457,-53.06889724731445,-229.59262084960938,84.74700927734375,0.6958183646202087,2.600334882736206,0.0,-8.646778106689453,125.19121551513672,161.3682861328125,0.12901006639003754,0.2357376217842102,-0.22174613177776337,0.9373434782028198,1
77850,-69.53451538085938,207.76109313964844,-34.02104568481445,-26.145339965820312,157.27207946777344,104.82917022705078,-443.14167327352334,-998.0253226566128,-91.6406038874702,-34.66415786743164,-266.18316650390625,88.77165222167969,0.6845055222511292,2.5904760360717773,0.0,-8.791812896728516,121.5777816772461,162.88551330566406,0.10014044493436813,0.2410230189561844,-0.20998185873031616,0.9422246813774109,1
77852,-71.75364685058594,198.59652709960938,-34.68868637084961,-26.972427368164062,152.2595672607422,106.25984191894531,-265.0025640941458,-1094.4072185681434,-79.72781068022596,4.433004379272461,-320.1084899902344,82.7686538696289,0.6716770529747009,2.5831446647644043,0.0,-8.757545471191406,117.89886474609375,164.4462890625,0.07499636709690094,0.24033977091312408,-0.19874995946884155,0.9471593499183655,1
77854,-73.66171264648438,186.87362670898438,-34.70469284057617,-27.384681701660156,146.89309692382812,107.68302154541016,-227.90434738935437,-1400.2137498501688,-1.9118544260272756,10.687026977539062,-332.99261474609375,62.04832077026367,0.67120361328125,2.5931622982025146,0.0,-8.604965209960938,113.88034057617188,166.1507568359375,0.02669597789645195,0.2368970662355423,-0.18964502215385437,0.9524714350700378,1
77855,-74.66677856445312,181.36199951171875,-34.65920639038086,-27.473350524902344,144.10488891601562,108.21367645263672,-119.96648590872064,-657.8777915693354,5.429344970150851,21.59941291809082,-332.9777526855469,64.04444122314453,0.6687039732933044,2.594961166381836,0.0,-8.333457946777344,111.76539611816406,166.8164825439453,0.005260966718196869,0.23614731431007385,-0.18594089150428772,0.9537466764450073,1
77857,-76.7315673828125,168.34872436523438,-35.7683219909668,-27.49816131591797,138.8092498779297,109.66854095458984,-246.5975716758985,-1554.174461881863,-132.46159189764876,27.770275115966797,-307.171142578125,99.67119598388672,0.6682265400886536,2.6269993782043457,0.0,-7.95074462890625,107.44366455078125,168.5074920654297,-0.07282380014657974,0.23661477863788605,-0.17339853942394257,0.953227698802948,1
77859,-77.12510681152344,154.48577880859375,-36.95466232299805,-27.099273681640625,133.4434356689453,110.84663391113281,-47.01910144917201,-1656.309878903674,-141.7409600042738,62.03251647949219,-332.163818359375,52.025962829589844,0.6633550524711609,2.65511417388916,0.0,-7.436176300048828,103.28814697265625,170.12843322753906,-0.14797964692115784,0.22834952175617218,-0.16151100397109985,0.9486162066459656,1
77861,-76.6627197265625,140.5904541015625,-37.60749053955078,-26.31810760498047,128.17919921875,111.17501831054688,55.237512153340504,-1659.9580575311556,-77.98791903740494,84.44732666015625,-310.8105163574219,1.8224010467529297,0.6529994606971741,2.68796968460083,0.007293738424777985,-6.649772644042969,98.83895111083984,170.76097106933594,-0.22375452518463135,0.21564644575119019,-0.14725089073181152,0.939014196395874,1
77863,-75.17143249511719,128.47068786621094,-38.67750549316406,-25.068641662597656,123.24974822998047,111.5659408569336,178.0759563271422,-1447.2322415916715,-127.77145283028949,108.33247375488281,-293.4140930175781,24.92828369140625,0.650934100151062,2.701655626296997,0.029308127239346504,-5.2681121826171875,94.9848861694336,171.43646240234375,-0.2779082953929901,0.2004910260438919,-0.1386391818523407,0.9291660189628601,1
77865,-73.46351623535156,119.1291732788086,-40.2017822265625,-24.020843505859375,119.12765502929688,111.96507263183594,203.97630912135355,-1115.6563773232629,-182.044254441862,94.92266082763672,-240.02426147460938,28.886980056762695,0.6328058242797852,2.718567371368408,0.05987166613340378,-3.9515724182128906,91.60986328125,172.02996826171875,-0.3238479495048523,0.18709628283977509,-0.12709972262382507,0.918674647808075,1
77867,-71.59747314453125,112.98843383789062,-41.61183166503906,-22.648826599121094,115.61924743652344,112.32157897949219,222.78452016878873,-733.1351009826176,-168.34401580039412,123.58277893066406,-194.85997009277344,17.9539737701416,0.6194308400154114,2.7245898246765137,0.07054262608289719,-2.4940452575683594,88.83670043945312,172.66697692871094,-0.34394460916519165,0.17842678725719452,-0.12247750163078308,0.9137095808982849,1
77868,-70.46926879882812,110.53026580810547,-42.7469367980957,-21.868152618408203,114.29739379882812,112.62129211425781,134.68238057638519,-293.450316309405,-135.50618033585488,125.59053039550781,-157.8754425048828,36.47675323486328,0.610805869102478,2.732133150100708,0.09647054225206375,-1.71490478515625,87.73670196533203,173.0828094482422,-0.3598107695579529,0.17246468365192413,-0.11861380189657211,0.9092430472373962,1
77870,-68.71647644042969,107.42911529541016,-43.7587776184082,-20.609176635742188,112.01724243164062,112.9095458984375,209.25809566210955,-370.23258775565773,-120.79918203502893,113.60777282714844,-131.04989624023438,13.472782135009766,0.6022309064865112,2.7373552322387695,0.10632738471031189,-0.550811767578125,86.09000396728516,173.72845458984375,-0.3685970902442932,0.16543367505073547,-0.11607007682323456,0.9073563814163208,1
77872,-67.00146484375,105.45504760742188,-43.84144592285156,-19.138492584228516,110.09220123291016,112.8202133178711,204.87807076773606,-235.82533218024764,-9.875689914159011,121.41522216796875,-109.34142303466797,-9.851170539855957,0.5967547297477722,2.7366700172424316,0.1025853082537651,0.9172210693359375,84.71859741210938,173.9382781982422,-0.3687998652458191,0.16248741745948792,-0.11585429310798645,0.9078338146209717,1
77874,-65.47760009765625,105.53162384033203,-43.234397888183594,-17.99283218383789,109.09391021728516,112.63034057617188,181.8116829493083,9.136279197351541,72.42665406950982,94.15885925292969,-46.0233039855957,-16.086959838867188,0.5884110331535339,2.7277376651763916,0.07969288527965546,2.0876216888427734,84.26136779785156,174.05885314941406,-0.3550547957420349,0.16157245635986328,-0.12146613001823425,0.9127302169799805,1
77876,-64.38121032714844,107.46326446533203,-41.55237579345703,-17.023380279541016,108.91460418701172,111.98800659179688,130.6452904518228,230.17339023947716,200.42896333313547,92.15277099609375,5.284162998199463,-47.38469314575195,0.583650529384613,2.7135846614837646,0.0446423664689064,3.077075958251953,84.6758804321289,173.7272491455078,-0.33388879895210266,0.16724009811878204,-0.13156449794769287,0.9182808995246887,1
77878,-63.367008209228516,109.72168731689453,-40.28990936279297,-16.022933959960938,109.63782501220703,111.57154846191406,120.94792796313413,269.32655684184283,150.5545060633449,93.55221557617188,56.016571044921875,-19.19890594482422,0.5684581398963928,2.703230142593384,0.03195645660161972,4.092094421386719,85.64204406738281,173.49319458007812,-0.31836941838264465,0.17546723783016205,-0.13806846737861633,0.9212976098060608,1
77879,-62.78779220581055,111.30560302734375,-39.13442611694336,-15.539508819580078,110.28495788574219,111.12716674804688,69.00539915915579,188.70116707589477,137.65949512971565,89.56993103027344,77.06072998046875,-52.11650466918945,0.5619836449623108,2.6987156867980957,0.015551818534731865,4.634286880493164,86.3772201538086,173.11705017089844,-0.3037147521972656,0.17968341708183289,-0.14166592061519623,0.9248794317245483,1
77881,-61.415584564208984,115.3133316040039,-37.68309783935547,-14.517005920410156,112.35264587402344,110.51729583740234,163.47049583564512,477.43895146704745,172.89610257575987,93.7099838256836,129.36257934570312,-30.22760009765625,0.5554614663124084,2.69637131690979,0.012633114121854305,5.346380233764648,88.42464447021484,172.69305419921875,-0.28535759449005127,0.1874995082616806,-0.14430400729179382,0.9287579655647278,1
77883,-59.29121780395508,121.49298858642578,-35.80542755126953,-13.347358703613281,114.57398223876953,110.08780670166016,253.65573160001077,737.8694876236841,224.19943652814254,98.20576477050781,132.7646484375,-33.52250671386719,0.5567870736122131,2.6869003772735596,0.0,6.1712799072265625,90.2239990234375,172.30227661132812,-0.24154993891716003,0.19121281802654266,-0.15196256339550018,0.9391478300094604,1
77885,-56.8370246887207,127.7236328125,-34.36274719238281,-12.050605773925781,116.9694595336914,109.8230972290039,293.21303353714757,744.4019311591401,172.36324306664756,114.06170654296875,147.40721130371094,-8.933601379394531,0.5613317489624023,2.6799776554107666,0.0,6.979743957519531,91.90422058105469,171.98912048339844,-0.20495790243148804,0.19166211783885956,-0.1601136177778244,0.9463728070259094,1
77887,-54.31321334838867,133.10171508789062,-32.990814208984375,-10.734535217285156,119.02981567382812,109.55938720703125,301.2466865935712,641.9376281413715,163.75640241906513,116.79920959472656,111.0132064819336,-11.261065483093262,0.5606019496917725,2.670107364654541,0.0,7.858356475830078,93.2262191772461,171.66790771484375,-0.17311424016952515,0.19091883301734924,-0.16877280175685883,0.9513659477233887,1
77889,-52.26334762573242,136.7956085205078,-32.19389343261719,-9.394111633300781,120.5223617553711,109.32672882080078,244.86729230498895,441.2550894973101,95.19639776099939,112.70698547363281,84.39048767089844,-6.33367919921875,0.5601290464401245,2.6656339168548584,0.0,8.738269805908203,94.06404876708984,171.3546905517578,-0.1479598879814148,0.19099365174770355,-0.17172583937644958,0.9550599455833435,1
77890,-51.13247299194336,137.94203186035156,-31.846633911132812,-8.834041595458984,120.96834564208984,109.17461395263672,135.0011532859644,136.8573212348856,41.45502471202053,98.75358581542969,53.2574348449707,-17.455263137817383,0.5596742630004883,2.6609385013580322,0.0,9.09634780883789,94.27088928222656,171.17227172851562,-0.13991284370422363,0.18857818841934204,-0.1738233119249344,0.9563723802566528,1
77892,-48.672611236572266,138.43890380859375,-31.323158264160156,-7.349712371826172,121.43029022216797,108.92488098144531,293.60576005093753,59.30596127733588,62.48134264536202,124.18157958984375,14.383918762207031,-16.74456214904785,0.5630332231521606,2.6586456298828125,0.0,10.114118576049805,94.25833892822266,170.8510284423828,-0.13983002305030823,0.18166063725948334,-0.17441459000110626,0.9576150178909302,1
77894,-45.904850006103516,136.385498046875,-30.985881805419922,-5.760612487792969,121.18368530273438,108.67311096191406,330.43072190508246,-245.1469948850572,40.265938591910526,133.22933959960938,-23.24700164794922,-8.333579063415527,0.561182975769043,2.6615114212036133,0.0,11.260641098022461,93.80241394042969,170.59559631347656,-0.1580398827791214,0.1703834980726242,-0.1742488145828247,0.9568856954574585,1
77896,-43.22316360473633,131.02906799316406,-31.639497756958008,-4.081470489501953,120.14585876464844,108.60164642333984,320.1886137778638,-639.5482756005367,-78.0405886979861,138.61871337890625,-74.91753387451172,-7.812602996826172,0.5591948628425598,2.6767313480377197,0.0,12.581108093261719,92.64027404785156,170.4998016357422,-0.20703648030757904,0.15640118718147278,-0.1681729257106781,0.9509955048561096,1
77898,-41.30067825317383,124.89981842041016,-32.62811279296875,-2.4783554077148438,118.49089813232422,108.31693267822266,229.41352468915284,-731.4140245813178,-117.97315375515609,134.9072265625,-108.43168640136719,-14.834321975708008,0.5488075613975525,2.688631534576416,0.03905811905860901,14.034162521362305,91.17870330810547,170.2489471435547,-0.254930317401886,0.1492341160774231,-0.15775719285011292,0.9422591924667358,1
77900,-40.135013580322266,119.97978210449219,-34.1259880065918,-0.6441116333007812,116.61812591552734,108.19447326660156,139.128471220145,-587.2333158272086,-178.77962110674707,144.3055419921875,-115.3967514038086,-3.195502758026123,0.5412225723266602,2.6947426795959473,0.10133527964353561,15.571744918823242,89.90577697753906,170.36508178710938,-0.2970430254936218,0.14948266744613647,-0.1430656909942627,0.9321762323379517,1
77901,-39.2844352722168,117.87799835205078,-34.899383544921875,0.45810508728027344,115.73501586914062,108.21318817138672,101.58045331860194,-251.00586779153673,-92.36288843661896,163.7424774169922,-105.13682556152344,2.8551740646362305,0.5372244715690613,2.6899633407592773,0.12903337180614471,16.55915069580078,89.25104522705078,170.4661865234375,-0.3144086003303528,0.14784952998161316,-0.1352846324443817,0.9278932213783264,1
77903,-36.81413650512695,115.46570587158203,-36.23662185668945,2.9982147216796875,114.2916030883789,108.41643524169922,294.87107066775206,-287.9470596658066,-159.6215397028136,189.84255981445312,-69.4049301147461,14.478835105895996,0.530735433101654,2.6683766841888428,0.16284367442131042,18.746871948242188,88.31658935546875,170.95155334472656,-0.3347306251525879,0.1457480490207672,-0.1233169436454773,0.9227707386016846,1
77905,-32.26321792602539,114.17630004882812,-37.00680923461914,6.336585998535156,113.29791259765625,108.55577850341797,543.349999044789,-153.9466462394921,-91.95535006583668,248.0766143798828,-48.250492095947266,3.100090980529785,0.5110278725624084,2.632509231567383,0.1902199238538742,21.508499145507812,87.70746612548828,171.37681579589844,-0.34628087282180786,0.1316796839237213,-0.1163058802485466,0.921532928943634,1
77907,-27.49508285522461,114.81382751464844,-36.74528503417969,9.906167984008789,112.988525390625,108.13673400878906,569.7452861177735,76.17826739978045,31.249572043074295,239.06028747558594,-2.6173255443573,-31.00265121459961,0.49279022216796875,2.5974950790405273,0.20266297459602356,24.586898803710938,87.58319091796875,171.157958984375,-0.34425535798072815,0.12768037617206573,-0.11691440641880035,0.9227767586708069,1
77909,-23.43270492553711,117.40402221679688,-35.657291412353516,13.289937973022461,113.00357818603516,107.91283416748047,485.15659415815026,309.3385356190847,129.93554247464635,235.71432495117188,2.0036003589630127,-12.07563304901123,0.48181724548339844,2.52807879447937,0.16405902802944183,27.692302703857422,87.73931884765625,171.09580993652344,-0.31889820098876953,0.13367760181427002,-0.12461171299219131,0.93000328540802,1
77911,-19.788604736328125,120.90847778320312,-33.64274978637695,16.638530731201172,113.09423065185547,108.1003646850586,435.01832460347214,418.34809966525063,240.48804299382027,237.00022888183594,3.6551225185394287,18.61859130859375,0.4856933355331421,2.418316602706909,0.07241781055927277,30.37791633605957,88.06736755371094,171.59727478027344,-0.26421278715133667,0.14584147930145264,-0.13731063902378082,0.943433940410614,1
77912,-16.251708984375,127.04232025146484,-31.521257400512695,18.264339447021484,113.41851043701172,108.18119812011719,208.35538350685965,370.8560236811172,153.72584893135354,227.6772003173828,39.249290466308594,10.341760635375977,0.4892522096633911,2.3644707202911377,0.010948983952403069,31.450496673583984,88.51021575927734,171.91314697265625,-0.22413870692253113,0.15424370765686035,-0.14418049156665802,0.9514108896255493,1
77914,-14.426773071289062,130.2906036376953,-30.869884490966797,21.50082015991211,115.16712951660156,108.69717407226562,432.1067745644832,749.8239680768456,177.48966694646515,217.29714965820312,127.34851837158203,22.23100471496582,0.5058240294456482,2.3438754081726074,0.0,33.36659622192383,90.12889099121094,172.70806884765625,-0.16684263944625854,0.16540493071079254,-0.1558973640203476,0.9594272971153259,1
77916,-10.756526947021484,135.1729278564453,-29.914592742919922,24.04315185546875,117.58474731445312,109.00177764892578,437.98848185819224,582.6317091844976,113.99965241900645,179.473876953125,138.5899200439453,13.431543350219727,0.5275969505310059,2.412174940109253,0.0,34.80316925048828,91.72454833984375,172.99929809570312,-0.1395024061203003,0.15851159393787384,-0.1653933972120285,0.9633577466011047,1
77918,-7.379158020019531,138.91116333007812,-29.992759704589844,26.377742767333984,120.23402404785156,109.58429718017578,403.16630389157217,446.243988014292,-9.331016452168114,165.44168090820312,159.61827087402344,34.27355194091797,0.5495678782463074,2.503162145614624,0.0,36.344261169433594,93.7004623413086,173.53585815429688,-0.128340944647789,0.15281441807746887,-0.17272084951400757,0.964543342590332,1
77920,-5.1755218505859375,142.40536499023438,-30.608430862426758,28.28067970275879,123.3214111328125,110.46019744873047,262.89751728094416,416.86416028020903,-73.4506090896175,136.96759033203125,207.6812744140625,60.926734924316406,0.5636351704597473,2.5658986568450928,0.0,37.776702880859375,95.9509048461914,174.27197265625,-0.12341312319040298,0.1510775089263916,-0.1735369861125946,0.9653132557868958,1
77922,-4.100433349609375,145.21902465820312,-31.1705379486084,29.694774627685547,126.08208465576172,111.19019317626953,128.24287083535455,335.6298509808257,-67.05143472686177,113.20927429199219,154.83258056640625,42.827571868896484,0.5869126319885254,2.6011927127838135,0.0,38.848114013671875,98.11865997314453,174.8832550048828,-0.1226164773106575,0.15299592912197113,-0.1705850511789322,0.9656387567520142,1
77923,-3.8184242248535156,146.17857360839844,-31.734270095825195,30.300378799438477,127.2733154296875,111.7373275756836,33.599180145567516,114.32274776219856,-67.16427344179829,104.00212097167969,141.50045776367188,65.49534606933594,0.5975382924079895,2.6113531589508057,0.0,39.32279968261719,99.1063232421875,175.35791015625,-0.12742814421653748,0.15438538789749146,-0.16979262232780457,0.9649340510368347,1
77925,-3.069122314453125,147.86033630371094,-32.83305358886719,31.673519134521484,129.36984252929688,112.85638427734375,89.25337557593593,200.32378857024014,-130.882004196028,112.55729675292969,124.71780395507812,69.3471908569336,0.6216172575950623,2.6235809326171875,0.0,40.560218811035156,100.95230865478516,176.3743133544922,-0.13419944047927856,0.1563163697719574,-0.16776804625988007,0.9640589356422424,1
77927,-1.6950225830078125,149.24412536621094,-33.53561019897461,33.19426727294922,131.00758361816406,113.61152648925781,163.82167080778163,164.97684343904257,-83.75956640628283,141.36691284179688,104.9545669555664,39.590572357177734,0.6393013596534729,2.633591890335083,0.0,41.96562957763672,102.25090026855469,176.97752380371094,-0.1376824676990509,0.1547049880027771,-0.1670396625995636,0.9639541506767273,1
77929,0.4851188659667969,149.7149200439453,-33.872039794921875,34.90945053100586,132.2859649658203,114.23033142089844,260.1462865693902,56.17777103721164,-40.144601681182394,141.48057556152344,77.11964416503906,28.984792709350586,0.6564968824386597,2.634263753890991,0.0,43.76564025878906,103.2593765258789,177.4629669189453,-0.14682939648628235,0.14418363571166992,-0.1647348552942276,0.9646318554878235,1
77931,4.104269027709961,148.62457275390625,-33.958351135253906,37.3506965637207,132.73779296875,114.54241943359375,431.7420940103766,-130.07164697838016,-10.296405826346017,189.96751403808594,13.970877647399902,13.448274612426758,0.6653135418891907,2.6367151737213135,0.0,46.52248764038086,103.75477600097656,177.72879028320312,-0.16021095216274261,0.1275399625301361,-0.16324377059936523,0.9650997519493103,1
77933,9.085477828979492,149.40370178222656,-34.33301544189453,41.01713943481445,133.06826782226562,114.89329528808594,594.8027788802865,93.03527108381968,-44.73841182491742,265.55792236328125,21.407249450683594,5.491672039031982,0.6699109673500061,2.6288373470306396,0.0,50.49143600463867,103.75743865966797,177.86595153808594,-0.15951697528362274,0.11419990658760071,-0.1637357771396637,0.9668005704879761,1
77935,17.3564453125,149.87889099121094,-33.568634033203125,46.298274993896484,133.28094482421875,114.55008697509766,998.1456590431771,57.34613841935061,92.2460385026061,382.0832824707031,-2.57596755027771,-29.06873893737793,0.6627189517021179,2.5903143882751465,0.0,55.996368408203125,104.06251525878906,177.56072998046875,-0.160207599401474,0.08867669105529785,-0.17118006944656372,0.9680740237236023,1
77936,22.652921676635742,150.08120727539062,-32.61246871948242,49.73063278198242,132.87356567382812,113.80592346191406,632.3815464490617,24.155887020984665,114.16293742874404,442.8153381347656,-48.476837158203125,-88.4046859741211,0.6533258557319641,2.5532100200653076,0.0,59.40630340576172,103.69808197021484,176.85813903808594,-0.15725870430469513,0.07583680003881454,-0.17700184881687164,0.9686014652252197,1
77938,34.269142150878906,150.78468322753906,-31.99232292175293,57.30832290649414,132.29031372070312,112.38140869140625,1387.9136829841445,84.05177069443744,74.09542888948636,498.52587890625,-27.882333755493164,-88.11151123046875,0.630463182926178,2.265627145767212,0.0,67.24496459960938,103.10098266601562,175.33108520507812,-0.16189484298229218,0.039949800819158554,-0.19188439846038818,0.9671475887298584,1
77940,45.89000701904297,144.1878204345703,-35.27559280395508,65.50847625732422,131.81382751464844,111.14358520507812,1388.3948329772102,-788.1556424177252,-392.2664097237139,550.865966796875,-59.811546325683594,-55.26298522949219,0.6039612889289856,2.0870282649993896,0.1556374877691269,76.72605895996094,102.25601196289062,173.53428649902344,-0.2951714098453522,-0.02463468909263611,-0.1984315812587738,0.9342868328094482,1
77942,53.649635314941406,134.4971160888672,-37.27468490600586,76.35260009765625,130.5543975830078,109.56348419189453,926.5842289791908,-1157.1757656452246,-238.71339494653512,745.1019287109375,-83.128173828125,-72.3141098022461,0.5795578956604004,2.0516510009765625,0.24637438356876373,87.25639343261719,100.8369140625,171.82156372070312,-0.4232260286808014,-0.025853602215647697,-0.1734420657157898,0.8888921141624451,1
77944,64.24285888671875,128.81239318847656,-38.82171630859375,89.07357025146484,128.62564086914062,107.69660186767578,1264.6779185975902,-678.673821689561,-184.6932089154143,822.3298950195312,-127.82447052001953,-146.40988159179688,0.5820572376251221,2.0551254749298096,0.25131139159202576,98.75898742675781,98.73477172851562,170.03895568847656,-0.4858490824699402,-0.014934449456632137,-0.1510317474603653,0.8607653379440308,1
77945,70.86585235595703,127.52249145507812,-38.50918960571289,95.82785034179688,127.63984680175781,106.47379302978516,790.7946772186551,-154.0160698699765,37.316125144134276,841.1895141601562,-117.81444549560547,-145.84136962890625,0.5879324674606323,2.070741891860962,0.2757779657840729,104.71611022949219,97.98490905761719,169.02816772460938,-0.4969647228717804,-0.010078907012939453,-0.14732427895069122,0.8551140427589417,1
77947,86.99703979492188,124.12818145751953,-34.83851623535156,109.99824523925781,125.03826904296875,103.16690063476562,1925.2690110607655,-405.1133790962049,438.0975496330939,875.2101440429688,-174.1022186279297,-213.02096557617188,0.6180003881454468,2.1065773963928223,0.30435997247695923,116.11669921875,95.81510162353516,166.4039306640625,-0.49773362278938293,-0.005706965923309326,-0.1628965139389038,0.8518763780593872,1
77949,103.94049072265625,120.59730529785156,-28.827152252197266,124.022216796875,122.05648040771484,99.7279052734375,2023.6355909206904,-421.7090540948557,717.9653164030169,867.6680297851562,-172.73887634277344,-220.34136962890625,0.6383152008056641,2.133132219314575,0.32919538021087646,126.02716064453125,93.37344360351562,163.70761108398438,-0.48137325048446655,-0.003856390481814742,-0.17960183322429657,0.8579091429710388,1
77951,122.15353393554688,119.93743133544922,-20.877944946289062,135.9163818359375,118.47369384765625,96.27831268310547,2174.7493847308215,-78.79300987540046,949.1842464517977,683.7576293945312,-247.89833068847656,-239.18582153320312,0.6341295838356018,2.1058177947998047,0.3252744972705841,134.80972290039062,90.47388458251953,160.7161407470703,-0.4011717736721039,-0.02821156196296215,-0.22091752290725708,0.8885160088539124,1
77953,136.2869873046875,118.33333587646484,-15.97962760925293,145.57977294921875,115.60611724853516,93.06633758544922,1688.2708306366112,-191.61258768313564,585.1143427816423,568.2696533203125,-174.85690307617188,-170.33868408203125,0.5966474413871765,2.0972366333007812,0.2832266390323639,142.08660888671875,88.15643310546875,157.7448272705078,-0.36399489641189575,-0.05122851952910423,-0.23550072312355042,0.8996792435646057,1
77955,146.26406860351562,117.56633758544922,-11.696185111999512,152.84536743164062,112.66875457763672,91.25626373291016,1191.3722964827903,-91.58795924345031,511.48974053205166,435.37677001953125,-157.39947509765625,-83.14510345458984,0.5767615437507629,2.0596983432769775,0.20707501471042633,147.421875,86.4077377319336,156.23272705078125,-0.31653890013694763,-0.05313586816191673,-0.23429113626480103,0.9176531434059143,1
77957,153.74844360351562,117.1468734741211,-9.29613971710205,158.92263793945312,111.2919921875,91.2201919555664,894.0006909370422,-50.10454518254846,286.68288819288136,353.139892578125,-61.91472625732422,13.3628568649292,0.5591188073158264,2.0326240062713623,0.17372743785381317,152.16677856445312,86.51049041748047,156.43943786621094,-0.28995779156684875,-0.053936779499053955,-0.22246405482292175,0.9292604923248291,1
77958,155.84693908691406,117.28364562988281,-9.212294578552246,160.7377166748047,111.3325424194336,91.47773742675781,250.44036709633656,16.322774658561684,10.006315211910987,248.5875701904297,5.095076084136963,31.325836181640625,0.549577534198761,2.027498245239258,0.16154567897319794,153.71151733398438,86.97264099121094,156.76406860351562,-0.28782835602760315,-0.053875263780355453,-0.2173396646976471,0.9311367869377136,1
77960,157.32254028320312,117.74797058105469,-9.825075149536133,162.51141357421875,112.43724822998047,92.38888549804688,176.26134644960985,55.463861976750195,-73.19696459409897,88.06758117675781,78.54887390136719,65.29316711425781,0.5424959659576416,2.024374008178711,0.16912008821964264,155.1470184326172,88.15750122070312,157.5184783935547,-0.29479077458381653,-0.04926430806517601,-0.2096727192401886,0.9309719204902649,1
77962,155.6370086669922,120.41120910644531,-10.703421592712402,160.59304809570312,113.34768676757812,93.85324096679688,-201.2281343517825,317.95222032256424,-104.86188118631253,-133.51849365234375,53.043888092041016,100.33251190185547,0.5514122843742371,2.009557008743286,0.1424754112958908,153.58470153808594,88.77006530761719,158.7932891845703,-0.2728172838687897,-0.04964986443519592,-0.20215027034282684,0.9392768144607544,1
77964,148.77102661132812,122.59848022460938,-12.197651863098145,156.0662384033203,114.90103912353516,95.5432357788086,-819.7970107240835,261.15977434499655,-178.410822962338,-255.28164672851562,96.35438537597656,128.66456604003906,0.5562744736671448,2.0189075469970703,0.15236535668373108,149.78353881835938,89.96498107910156,160.3169708251953,-0.2729926109313965,-0.02601703815162182,-0.1972682625055313,0.9412137866020203,1
77966,142.15232849121094,126.92485046386719,-13.001811027526855,150.4013214111328,117.11106872558594,97.8121109008789,-788.7644829130732,515.5828416296281,-95.83337629231391,-308.2024230957031,144.14602661132812,172.30538940429688,0.5568749904632568,2.0551161766052246,0.09350762516260147,144.8968963623047,91.23725891113281,162.2874755859375,-0.24129526317119598,-0.015989987179636955,-0.20335383713245392,0.9487718939781189,1
77968,133.40792846679688,132.0657196044922,-14.672266960144043,143.12579345703125,119.2176513671875,100.9880142211914,-1042.2959634050494,612.7701315935701,-199.11137079179753,-426.3096923828125,131.5284423828125,201.34292602539062,0.5640038847923279,2.115049123764038,0.058593861758708954,138.94607543945312,92.13902282714844,165.1056365966797,-0.21935328841209412,-0.0020839867647737265,-0.2116989940404892,0.9523987174034119,1
77969,127.1326904296875,134.14614868164062,-16.125452041625977,138.826904296875,120.15679931640625,102.58927154541016,-747.7049150941893,247.8865402857773,-173.14938836425426,-482.33203125,112.6642837524414,192.2747344970703,0.5675657987594604,2.1415250301361084,0.04675380513072014,135.74205017089844,92.94972229003906,166.75900268554688,-0.21592025458812714,0.013056695461273193,-0.21163606643676758,0.9531097412109375,1
77971,116.5946044921875,138.44117736816406,-19.789752960205078,129.6868133544922,122.60668182373047,106.75180053710938,-1255.7632216662169,511.8139188203495,-436.6537105466996,-500.047607421875,150.9763946533203,280.7667236328125,0.5828550457954407,2.2986392974853516,0.024179989472031593,127.80989074707031,93.87633514404297,170.28826904296875,-0.20443817973136902,0.024844316765666008,-0.22048261761665344,0.9534019231796265,1
77973,103.23139953613281,142.87908935546875,-22.53533172607422,119.67979431152344,124.53983306884766,110.2024154663086,-1592.3110217954963,528.8054919745773,-327.15320497425273,-576.4510498046875,101.60543060302734,189.59849548339844,0.5795366168022156,2.601638078689575,0.0,119.13693237304688,94.86473083496094,173.34912109375,-0.17883753776550293,0.053701695054769516,-0.2247055321931839,0.9563685059547424,1
77975,90.78681945800781,146.7294464111328,-27.142398834228516,108.27476501464844,126.44678497314453,113.07799530029297,-1486.649747941643,459.96990740974434,-550.3677192874602,-660.1905517578125,152.9685821533203,196.8425750732422,0.5821435451507568,2.7113993167877197,0.0,110.0281982421875,96.29508209228516,175.8490447998047,-0.1492086946964264,0.05909162759780884,-0.2303052544593811,0.9597939252853394,1
77977,78.49394226074219,149.1148681640625,-32.587059020996094,96.75543212890625,128.19515991210938,116.88695526123047,-1468.410122755682,284.9436623203801,-650.376149124204,-662.6136474609375,76.4772720336914,227.7638397216797,0.5776988863945007,2.7178401947021484,0.0,101.09977722167969,97.18094635009766,179.204833984375,-0.134413480758667,0.05725622549653053,-0.22265315055847168,0.9638881087303162,1
77979,65.05062866210938,151.98565673828125,-36.93999481201172,85.841552734375,129.0509033203125,120.72830963134766,-1605.0227408570936,342.74889981606975,-519.7052707883995,-592.6537475585938,66.16146850585938,243.17791748046875,0.5822579264640808,2.695474863052368,0.0,92.34188842773438,97.73741149902344,182.9513397216797,-0.11586934328079224,0.06810173392295837,-0.20852693915367126,0.9687378406524658,1
77980,58.47669219970703,153.45704650878906,-39.092533111572266,81.00093078613281,129.3359375,122.6048583984375,-785.114299887151,175.72563351353165,-257.0740696544817,-547.0326538085938,34.36616897583008,225.1703643798828,0.5893152356147766,2.6782896518707275,0.0,88.37933349609375,97.99211883544922,184.82765197753906,-0.10214948654174805,0.07713544368743896,-0.2001822292804718,0.9713612794876099,1
77982,43.9981803894043,157.05569458007812,-44.10718536376953,72.19642639160156,129.4481658935547,126.11802673339844,-1729.1216129921668,429.7748442067532,-598.88362177831,-456.0588073730469,2.6104090213775635,222.83670043945312,0.6049115657806396,2.64815092086792,0.0,80.56452941894531,98.13096618652344,188.37103271484375,-0.07178695499897003,0.11375229805707932,-0.1872059404850006,0.9730678200721741,1
77984,31.757909774780273,158.8190155029297,-48.818702697753906,64.84231567382812,129.3634796142578,129.01266479492188,-1461.7575614794623,210.57930608280003,-562.6588092558086,-390.16033935546875,-16.27395248413086,129.10171508789062,0.6312651038169861,2.645331859588623,0.0,73.11007690429688,97.52633666992188,190.98033142089844,-0.06233053281903267,0.1510516256093979,-0.17933319509029388,0.9701226353645325,1
77986,20.893226623535156,159.6944580078125,-51.74666213989258,58.30608367919922,129.1959686279297,129.80462646484375,-1297.809330054166,104.57345464627724,-349.75093420853955,-363.1986389160156,-1.5680350065231323,2.288029193878174,0.6493484377861023,2.6446802616119385,0.0,66.45628356933594,97.025390625,191.62161254882812,-0.060191571712493896,0.18095490336418152,-0.16665033996105194,0.9673985242843628,1
77988,11.727216720581055,157.5558319091797,-52.75558853149414,52.918033599853516,128.1402130126953,129.1818389892578,-1094.3183081556344,-255.32786008436233,-120.45444349292666,-267.9931335449219,-91.66071319580078,-50.573482513427734,0.65772545337677,2.6487622261047363,0.0,61.63232421875,95.81684112548828,190.7532196044922,-0.07341138273477554,0.2057325541973114,-0.15049394965171814,0.964176595211029,1
77990,6.499626159667969,153.97767639160156,-51.26728820800781,48.948394775390625,125.61454010009766,126.87457275390625,-623.9250500069611,-427.0611545077991,177.63209320555325,-179.6785888671875,-161.15533447265625,-169.33509826660156,0.6535058617591858,2.6505162715911865,0.0,58.12586212158203,93.77323150634766,188.46267700195312,-0.07790180295705795,0.21504467725753784,-0.1436917632818222,0.962829053401947,1
77991,4.858818054199219,151.6171875,-49.78764724731445,47.402809143066406,123.79485321044922,125.14966583251953,-195.99279565550387,-281.9579056422226,176.7415503897937,-153.52532958984375,-218.4008026123047,-206.64773559570312,0.6446051597595215,2.65028715133667,0.0,57.06757736206055,92.09595489501953,186.7244415283203,-0.07875826954841614,0.21563777327537537,-0.1439957171678543,0.9625812768936157,1
77993,2.8140869140625,146.39418029785156,-46.29387283325195,45.05126190185547,119.90457916259766,121.44989013671875,-244.1340528257424,-623.6095744662452,417.14496865682304,-96.25984191894531,-223.3528594970703,-218.4278564453125,0.6183766722679138,2.6477150917053223,0.0,55.553382873535156,88.87676239013672,183.1493377685547,-0.08165420591831207,0.21015024185180664,-0.14434687793254852,0.9635006189346313,1
77995,2.1805038452148438,142.50341796875,-43.51778030395508,43.37244415283203,116.57186889648438,118.64649200439453,-75.60356422676705,-464.27298029651865,331.2627817215398,-69.04502868652344,-192.92718505859375,-153.54820251464844,0.5703964829444885,2.6284611225128174,0.0,54.7918701171875,86.2888412475586,180.53509521484375,-0.07497740536928177,0.1985223889350891,-0.14682932198047638,0.9661306142807007,1
77997,1.7823467254638672,138.3031005859375,-41.560455322265625,41.808563232421875,113.35906982421875,116.6894760131836,-47.56386434941669,-501.7700709346682,233.82211518666008,-50.73017501831055,-198.95147705078125,-100.88723754882812,0.5203372836112976,2.6101486682891846,0.0,54.075740814208984,83.54830169677734,178.67332458496094,-0.07848482578992844,0.1852925419807434,-0.14746035635471344,0.9683812260627747,1
77998,1.4725933074951172,136.5636749267578,-41.08048629760742,41.16835403442383,111.88237762451172,116.2000732421875,-36.96733535034582,-207.59070902771782,57.28161454576184,-43.9454231262207,-175.36964416503906,-57.58475875854492,0.4980947971343994,2.602085828781128,0.0,53.80902099609375,82.23294830322266,178.1913299560547,-0.07839490473270416,0.18196319043636322,-0.1477154791355133,0.9689807891845703,1
78001,0.24407577514648438,133.0122833251953,-41.01648712158203,39.1668815612793,108.66160583496094,116.07344055175781,-146.71785643136536,-424.1311576021835,7.643213607108919,-38.464778900146484,-116.2282943725586,44.672576904296875,0.43744444847106934,2.5817062854766846,0.0,52.868045806884766,79.61154174804688,178.06861877441406,-0.07545224577188492,0.1729058176279068,-0.14883506298065186,0.9707000851631165,1
78002,-0.2279205322265625,132.08238220214844,-41.746238708496094,38.66101837158203,108.00402069091797,116.81363677978516,-56.320406976825325,-110.9593631986063,-87.07675404439215,-28.132225036621094,-78.16508483886719,88.8982162475586,0.42267054319381714,2.5780727863311768,0.0,52.639137268066406,79.22028350830078,178.84266662597656,-0.07699812203645706,0.17193952202796936,-0.1484573930501938,0.9708081483840942,1
78004,-1.7627906799316406,130.80130004882812,-43.85771560668945,37.60921859741211,106.83134460449219,118.80062103271484,-183.343478165305,-153.02796666964423,-252.22037131889374,-30.481414794921875,-65.40716552734375,127.4123306274414,0.40905171632766724,2.577476978302002,0.0,52.02318572998047,78.46549987792969,180.8822021484375,-0.07565901428461075,0.174463152885437,-0.1458817720413208,0.9708536863327026,1
78006,-4.431678771972656,129.36459350585938,-46.68403625488281,35.998291015625,105.71422576904297,121.21460723876953,-318.62248206164804,-171.5197449005209,-337.4174071647867,-73.92024230957031,-66.2298355102539,159.3166046142578,0.41890668869018555,2.5863497257232666,0.0,51.08397674560547,77.72566223144531,183.2257843017578,-0.07909287512302399,0.18165121972560883,-0.1390671283006668,0.9702615737915039,1
78008,-7.689994812011719,126.45452117919922,-49.760154724121094,33.931640625,104.68241119384766,123.62206268310547,-394.3472495652968,-352.2000333769829,-372.2962544991751,-94.05723571777344,-67.79434967041016,135.2865447998047,0.42434161901474,2.598665714263916,0.0,49.83648681640625,77.22149658203125,185.52491760253906,-0.10620236396789551,0.18720999360084534,-0.12925821542739868,0.9679699540138245,1
78010,-11.152286529541016,124.04056549072266,-52.04476547241211,31.313690185546875,103.34742736816406,125.85289764404297,-413.5286556959327,-288.3176613083342,-272.8689806078619,-119.03910827636719,-75.74325561523438,151.41746520996094,0.4355345368385315,2.5949621200561523,0.0,48.348880767822266,76.68431091308594,187.6873321533203,-0.11201382428407669,0.18642379343509674,-0.1220339983701706,0.968404233455658,1
78011,-14.586505889892578,121.82907104492188,-54.77809143066406,30.05275535583496,102.83375549316406,127.2703628540039,-196.9019599245221,-137.73608924233122,-174.61454769055126,-114.90219116210938,-59.6649284362793,165.98143005371094,0.4397333264350891,2.596270799636841,0.0,47.48564147949219,76.72696685791016,189.14358520507812,-0.11741717159748077,0.18463937938213348,-0.11847621202468872,0.9685478210449219,1
78013,-16.43035125732422,121.07467651367188,-56.227867126464844,27.12936782836914,101.56332397460938,130.02432250976562,-432.4586208994151,-215.95149120432325,-324.2041466599039,-145.1523895263672,-80.25869750976562,173.92193603515625,0.45553576946258545,2.586796522140503,0.0,45.91291046142578,76.50975799560547,191.72866821289062,-0.12129909545183182,0.18164224922657013,-0.11297617107629776,0.9692930579185486,1
78015,-20.647624969482422,118.41854858398438,-58.681121826171875,24.300579071044922,99.57134246826172,132.1101837158203,-502.53498422016855,-316.50713193789124,-292.3325342272874,-129.74337768554688,-130.2428741455078,111.17268371582031,0.4884910583496094,2.581885576248169,0.0,44.29432678222656,75.53990173339844,193.54800415039062,-0.13174095749855042,0.18364639580249786,-0.1115008294582367,0.9677219986915588,1
78017,-24.620548248291016,114.48667907714844,-61.28148651123047,21.815139770507812,97.11970520019531,134.11512756347656,-473.68135012948187,-468.7866152526112,-310.03474479803117,-107.58650207519531,-151.61399841308594,105.49404907226562,0.5217965841293335,2.580763578414917,0.0,42.734642028808594,74.58142852783203,195.5419921875,-0.14490565657615662,0.18884222209453583,-0.11283505707979202,0.9646809101104736,1
78019,-27.376033782958984,110.67410278320312,-63.016998291015625,19.45909309387207,94.83941650390625,135.84962463378906,-328.40757536818273,-454.3950316007249,-206.84384238324128,-107.28631591796875,-131.94253540039062,111.87376403808594,0.5432984828948975,2.592855453491211,0.0,41.60594940185547,73.50174713134766,197.07473754882812,-0.15144501626491547,0.1884511262178421,-0.11495529860258102,0.9635018706321716,1
78021,-29.50119400024414,107.12350463867188,-64.3606185913086,17.83504867553711,92.96986389160156,137.3673858642578,-253.58562819479266,-423.67660265089944,-160.32805203757016,-53.99226760864258,-117.47486877441406,78.8609848022461,0.5703450441360474,2.623596429824829,0.0,40.28299331665039,72.86308288574219,198.6426544189453,-0.1659231334924698,0.1872156262397766,-0.11807600408792496,0.9609775543212891,1
78023,-31.381023406982422,103.86286926269531,-65.01001739501953,16.554397583007812,91.05427551269531,138.3599090576172,-224.50788320082938,-389.41743518121075,-77.55764978018124,-46.44583511352539,-114.95491790771484,65.67903137207031,0.6011543869972229,2.653315305709839,0.0,39.460166931152344,71.85319519042969,199.61158752441406,-0.17557883262634277,0.18394000828266144,-0.11821601539850235,0.9598765969276428,1
78024,-31.798202514648438,102.35800170898438,-65.01177215576172,16.09760284423828,90.0702133178711,138.72848510742188,-49.84747983398847,-179.81210865546018,-0.20967109594494104,-22.48910140991211,-117.55022430419922,44.74753189086914,0.6128694415092468,2.667221784591675,0.0,39.456390380859375,71.20729064941406,199.90875244140625,-0.17668011784553528,0.18039128184318542,-0.11899938434362411,0.9602511525154114,1
78026,-32.305294036865234,99.47987365722656,-64.88704681396484,15.475700378417969,88.05338287353516,139.27581787109375,-60.56511693896027,-343.75286192516796,14.896728855092078,0.03536224365234375,-120.92799377441406,30.524873733520508,0.627247154712677,2.6850149631500244,0.0,39.18303298950195,70.14891815185547,200.44740295410156,-0.17834226787090302,0.17586733400821686,-0.12460442632436752,0.9600721001625061,1
78028,-32.81099319458008,97.19800567626953,-64.34455108642578,14.912229537963867,86.2584228515625,138.85394287109375,-60.37157552706776,-272.4148598104366,64.76443808258045,-0.6984596252441406,-101.96440124511719,-33.446205139160156,0.6370745897293091,2.692678928375244,0.0,39.01023864746094,69.34428405761719,200.0679168701172,-0.17750810086727142,0.17295365035533905,-0.13050641119480133,0.9599718451499939,1
78030,-32.63078689575195,95.15357971191406,-63.212764739990234,14.725198745727539,84.78697967529297,137.95697021484375,21.530023539671674,-244.2563851759187,135.21939487740747,31.574583053588867,-100.3206787109375,-58.137489318847656,0.6428930163383484,2.698742151260376,0.0,39.0445442199707,69.02149963378906,199.394775390625,-0.1762104481458664,0.16635677218437195,-0.1315830945968628,0.9612290263175964,1
78032,-31.894947052001953,93.77295684814453,-62.0237922668457,15.323535919189453,83.42818450927734,136.87037658691406,87.85564620047808,-164.83955698495265,141.95744608005043,86.77714538574219,-67.58294677734375,-68.97877502441406,0.6435311436653137,2.7075326442718506,0.0,39.98648452758789,68.42129516601562,198.41806030273438,-0.1731070578098297,0.1648714542388916,-0.1323748677968979,0.961939811706543,1
78034,-30.47274398803711,92.7008285522461,-61.080902099609375,16.502925872802734,82.5972671508789,135.7506561279297,169.86938055505743,-128.05609417834785,112.61976063626935,113.95648193359375,-45.27161407470703,-69.23059844970703,0.6420068144798279,2.709770917892456,0.0,41.30678939819336,67.93790435791016,197.40379333496094,-0.17354682087898254,0.1623743325471878,-0.13146138191223145,0.9624105095863342,1
78035,-29.602951049804688,92.43669891357422,-60.465885162353516,17.253173828125,82.33734130859375,135.1072235107422,103.85449253895786,-31.53744803275913,73.43388192064594,121.8114013671875,-30.788007736206055,-76.23344421386719,0.635211169719696,2.7060656547546387,0.0,42.00584030151367,67.81243896484375,196.8948211669922,-0.1727602332830429,0.16244740784168243,-0.130398690700531,0.9626842141151428,1
78037,-26.54574203491211,91.44314575195312,-58.845672607421875,19.6854248046875,81.89739990234375,133.53639221191406,365.0883262885327,-118.648956969555,193.4838890733954,200.5254669189453,-27.634634017944336,-94.90088653564453,0.6256037354469299,2.6943063735961914,0.0,43.89469909667969,66.99540710449219,195.4306182861328,-0.18320754170417786,0.152530699968338,-0.12359484285116196,0.9632723927497864,1
78039,-21.61829376220703,90.95813751220703,-55.604278564453125,22.781539916992188,81.99752044677734,130.55458068847656,588.141356640961,-57.890694801695645,386.89353684335947,235.7011260986328,31.91505241394043,-198.59254455566406,0.6070652008056641,2.6590323448181152,0.0,45.09709930419922,66.51404571533203,192.86378479003906,-0.1972046047449112,0.1337723731994629,-0.12331105023622513,0.9633325934410095,1
78041,-14.976814270019531,89.72210693359375,-49.805152893066406,27.44893455505371,81.719970703125,125.73993682861328,792.9914454100654,-147.58182664850028,692.4145521607134,342.9249267578125,-22.6219425201416,-285.5010986328125,0.5659231543540955,2.586183786392212,0.0,49.62319564819336,65.93367004394531,188.20062255859375,-0.20844824612140656,0.11456382274627686,-0.12823668122291565,0.9627978801727295,1
78043,-5.6270599365234375,91.30509948730469,-46.49513244628906,33.54829025268555,81.7436294555664,121.73628997802734,1116.3293665145757,189.0040114049334,395.20536013052333,441.2472839355469,-6.901790618896484,-212.76373291015625,0.5027890801429749,2.5006299018859863,0.0,54.898536682128906,66.03173828125,184.62545776367188,-0.19766917824745178,0.10773857682943344,-0.14707227051258087,0.9631661772727966,1
78045,3.7474517822265625,95.44606018066406,-42.90880584716797,40.41023254394531,81.81704711914062,116.89697265625,1118.8697019703686,494.2332567127887,428.0363920289674,476.4941711425781,-42.71072006225586,-347.8974609375,0.42975759506225586,2.3620567321777344,0.0,60.07133483886719,65.20838928222656,180.66094970703125,-0.17380669713020325,0.10213642567396164,-0.14247122406959534,0.9690517783164978,1
78047,21.854366302490234,101.57160186767578,-36.52043914794922,52.926734924316406,79.8302993774414,112.70381164550781,2161.7901774592756,731.3303343747393,762.7090946347453,879.0382080078125,-156.6400146484375,-226.9569091796875,0.2781220078468323,1.8413712978363037,0.0,69.56979370117188,63.00653839111328,177.83746337890625,-0.1315719485282898,0.09805735945701599,-0.16580195724964142,0.9724110960960388,1
78049,41.911476135253906,96.80984497070312,-27.554927825927734,68.67526245117188,78.8362045288086,110.73507690429688,2395.3554453925753,-568.6811513674329,1070.7218809188635,980.6138916015625,-53.952178955078125,-139.62252807617188,0.19969671964645386,1.7181366682052612,0.036855507642030716,80.56575775146484,63.87038040161133,177.12948608398438,-0.19782179594039917,0.07482436299324036,-0.19278988242149353,0.9581753015518188,1
78050,50.776424407958984,95.70854949951172,-23.21392059326172,75.67214965820312,78.08167266845703,109.226318359375,1058.8665068697883,-131.54333818308078,518.50806382054,868.4458618164062,-89.92143249511719,-179.7010498046875,0.1791551113128662,1.6493693590164185,0.025544097647070885,85.46095275878906,63.97844314575195,176.3148651123047,-0.19274196028709412,0.06839369982481003,-0.1955176442861557,0.9591379761695862,1
78052,67.50141906738281,88.61384582519531,-19.434446334838867,89.8701171875,76.97516632080078,106.8355712890625,1996.3521554612962,-846.8479219872388,451.1308814117656,889.9191284179688,-64.6448974609375,-195.2681121826172,0.2048168182373047,1.546072244644165,0.03573085740208626,98.47848510742188,65.85050201416016,174.65084838867188,-0.22471293807029724,0.058451298624277115,-0.19050835072994232,0.9538312554359436,1
78054,83.57661437988281,82.90922546386719,-15.515183448791504,102.95869445800781,75.814208984375,102.97953033447266,1919.5536031275988,-681.1938739274628,468.00272396481887,792.6834106445312,-60.32814407348633,-200.67794799804688,0.29200637340545654,1.5051066875457764,0.05312997102737427,110.391357421875,66.78250885009766,171.354248046875,-0.249119833111763,0.04405781254172325,-0.1945348083972931,0.9477100968360901,1
78056,103.30757141113281,81.45784759521484,-9.168559074401855,114.42526245117188,75.17935180664062,98.75017547607422,2356.810671970248,-173.36325067677535,758.0875085206353,659.0081787109375,-85.57422637939453,-270.5726013183594,0.34718453884124756,1.4560191631317139,0.0,121.65853881835938,67.46727752685547,167.5166015625,-0.21490320563316345,-0.02820795588195324,-0.18938305974006653,0.9576820731163025,1
78058,120.47799682617188,80.76869201660156,-5.535069942474365,124.85469055175781,74.82350158691406,95.89464569091797,2046.3990781937027,-82.13467673148261,433.045112772259,659.906494140625,3.9899511337280273,-166.4258575439453,0.34676575660705566,1.4371755123138428,0.0,132.56982421875,67.77104949951172,164.9580078125,-0.1709403395652771,-0.10146530717611313,-0.1469687968492508,0.9689604640007019,1
78060,131.69947814941406,79.56877899169922,-3.7466752529144287,134.49314880371094,75.54424285888672,93.90283966064453,1337.2703297267435,-142.9943195762462,213.12401520785897,560.1332397460938,32.122161865234375,-118.68700408935547,0.3572711944580078,1.4198569059371948,0.0,142.36514282226562,68.90909576416016,162.9869384765625,-0.1749817579984665,-0.12345832586288452,-0.11979887634515762,0.9694264531135559,1
78062,139.2969970703125,77.58644104003906,-2.6805012226104736,142.10830688476562,76.01615905761719,92.30970001220703,905.6405202011811,-236.29892764304532,127.09022688623736,461.0018615722656,18.479507446289062,-74.2397689819336,0.3719189167022705,1.3694086074829102,0.0,149.866943359375,70.02031707763672,161.3587188720703,-0.19439497590065002,-0.12853771448135376,-0.10799773037433624,0.9664497375488281,1
78063,143.4743194580078,75.38729095458984,-2.830944299697876,145.0491943359375,76.03610229492188,92.01499938964844,269.0419863337884,-126.79345658712555,-10.170761689973006,382.22064208984375,2.632739543914795,-34.45212173461914,0.3804897665977478,1.339814305305481,0.0,152.98204040527344,70.31622314453125,161.03065490722656,-0.20316874980926514,-0.12827488780021667,-0.10214374959468842,0.9653158187866211,1
78065,144.79356384277344,74.6080322265625,-3.433021306991577,150.24217224121094,76.66167449951172,91.82682800292969,386.15307197580114,-228.2271549338475,-79.51892123430298,333.9826354980469,57.15593338012695,8.106281280517578,0.3929980397224426,1.2665555477142334,0.0,159.10784912109375,71.13312530517578,160.66722106933594,-0.2263423651456833,-0.12120160460472107,-0.08625765889883041,0.9626208543777466,1
78067,146.99371337890625,73.39864349365234,-4.6008477210998535,154.17617797851562,77.92959594726562,92.17070770263672,262.7218448922504,-144.4142018003622,-139.4512077427753,251.57994079589844,76.36955261230469,22.67465591430664,0.40414416790008545,1.200010895729065,0.0,164.22337341308594,72.61380767822266,160.7501220703125,-0.2457713484764099,-0.11687877029180527,-0.06913323700428009,0.9597689509391785,1
78069,148.48464965820312,73.05235290527344,-5.791314601898193,156.56166076660156,79.19803619384766,92.76199340820312,178.13331792480312,-41.37392880610423,-142.2339896754056,163.6195526123047,76.17142486572266,47.20835876464844,0.4116886854171753,1.1559669971466064,0.0,167.58384704589844,74.05902099609375,161.1747589111328,-0.25449928641319275,-0.11653989553451538,-0.05493319034576416,0.9584523439407349,1
78071,149.54739379882812,73.17572021484375,-6.599186420440674,158.35772705078125,80.35856628417969,93.35189056396484,126.9318681601435,14.734725391608663,-96.49046768794506,136.23248291015625,67.17376708984375,35.48762130737305,0.42147618532180786,1.1055606603622437,0.0,170.09950256347656,75.40410614013672,161.60459899902344,-0.2592872381210327,-0.11336826533079147,-0.04464932158589363,0.9580836296081543,1
78073,150.68235778808594,73.78634643554688,-7.468099117279053,159.51620483398438,81.40601348876953,93.91511535644531,135.53966620005667,72.92220273986459,-103.76728953619022,90.78648376464844,55.476070404052734,35.335689544677734,0.42586034536361694,1.0877934694290161,0.0,171.85008239746094,76.37198638916016,161.98867797851562,-0.2598531246185303,-0.11503738164901733,-0.035691045224666595,0.9581069350242615,1
78075,151.79820251464844,74.81340026855469,-7.868584156036377,160.24444580078125,82.54637145996094,94.10459899902344,133.22812475077808,122.62678931257688,-47.81657289249415,62.38031005859375,62.06990051269531,13.00956916809082,0.428744912147522,1.0936617851257324,0.0,172.75418090820312,77.32086181640625,162.01101684570312,-0.2585434913635254,-0.12273287773132324,-0.03183679282665253,0.9576420783996582,1
78077,151.8006591796875,75.55887603759766,-8.361351013183594,160.34896850585938,83.17980194091797,94.65525817871094,0.2933681682916358,89.02266177622369,-58.844859994129365,29.568857192993164,23.257200241088867,33.20353698730469,0.4340411424636841,1.1138203144073486,0.0,173.00547790527344,77.77206420898438,162.43064880371094,-0.25627174973487854,-0.12247481197118759,-0.029116421937942505,0.9583720564842224,1
78078,151.78482055664062,75.9104995727539,-8.3475923538208,160.31063842773438,83.35009765625,94.7010498046875,-1.8913042950443923,41.987684176303446,1.6429339513852028,27.605693817138672,20.655961990356445,6.107447624206543,0.43623316287994385,1.1181535720825195,0.0,172.92318725585938,77.71314239501953,162.44015502929688,-0.25526687502861023,-0.12256854772567749,-0.030021101236343384,0.9586002826690674,1
78080,151.66082763671875,76.62688446044922,-8.040657997131348,159.9786376953125,83.60391998291016,94.57061767578125,-14.79884238471277,85.50219679053407,36.63332688642549,11.101175308227539,23.846961975097656,-12.253119468688965,0.44002044200897217,1.133334994316101,0.0,172.50296020507812,77.75873565673828,162.25880432128906,-0.25056180357933044,-0.12262970954179764,-0.032023824751377106,0.9597682952880859,1
78082,151.3961944580078,76.64080810546875,-8.001781463623047,159.57049560546875,83.7677993774414,94.39414978027344,-31.590028467122465,1.6621058050077409,4.6408043247356545,-2.087512969970703,10.233790397644043,-0.9609012007713318,0.4410128593444824,1.1637980937957764,0.0,172.01187133789062,77.8796157836914,162.04017639160156,-0.2531779408454895,-0.12319972366094589,-0.034116435796022415,0.9589362740516663,1
78084,151.03294372558594,76.47943878173828,-8.20900821685791,159.19125366210938,83.70401763916016,94.37017822265625,-43.40777522139251,-19.283328860532492,-24.763204919931013,8.300207138061523,-8.235658645629883,-0.8219193816184998,0.443666934967041,1.1797453165054321,0.0,171.55715942382812,77.72491455078125,161.97244262695312,-0.2564953863620758,-0.12367754429578781,-0.0359351821243763,0.9579262137413025,1
78086,150.59754943847656,76.24020385742188,-7.993666172027588,158.58726501464844,83.2247314453125,94.01864624023438,-52.00738785881549,-28.576359099475667,25.72237987355038,-3.9370193481445312,-29.9517765045166,-22.343904495239258,0.44271373748779297,1.2044167518615723,0.0,170.81553649902344,77.15507507324219,161.61309814453125,-0.2577877342700958,-0.12461131811141968,-0.04140569269657135,0.957237184047699,1
78088,150.32723999023438,76.28495025634766,-7.4647321701049805,158.1781005859375,82.78565216064453,93.58699798583984,-32.29675114096608,5.346329253225122,63.19738337368108,7.489513397216797,-27.06841278076172,-24.550939559936523,0.44445323944091797,1.2251777648925781,0.0,170.18206787109375,76.6823959350586,161.19151306152344,-0.2559453845024109,-0.12374791502952576,-0.04790007323026657,0.9575405716896057,1
78090,149.88955688476562,76.16343688964844,-6.970829010009766,157.5771026611328,82.23861694335938,93.35624694824219,-52.282865152228624,-14.515220911998767,58.998558534403855,-3.9876365661621094,-34.61341094970703,-15.713894844055176,0.44451677799224854,1.239685297012329,0.0,169.35215759277344,76.19196319580078,160.98489379882812,-0.2529195547103882,-0.1227799654006958,-0.05222482979297638,0.9582428336143494,1
78092,149.72262573242188,76.19050598144531,-6.662760257720947,157.33836364746094,81.85356140136719,93.16035461425781,-19.936309934128076,3.2328166200313717,36.792138797452935,24.72392463684082,-16.583362579345703,-12.38999080657959,0.4449459910392761,1.2435318231582642,0.0,168.95823669433594,75.73086547851562,160.7879180908203,-0.2517891228199005,-0.12223231047391891,-0.055855121463537216,0.9584057927131653,1
78094,149.33340454101562,76.07108306884766,-6.2036895751953125,156.81753540039062,81.56631469726562,92.78215789794922,-46.48588966485113,-14.26304749341216,54.828230238832475,6.038856506347656,-19.978118896484375,-28.69172477722168,0.44466984272003174,1.2507777214050293,0.0,168.31008911132812,75.49333190917969,160.42721557617188,-0.25064587593078613,-0.12268292158842087,-0.05901360139250755,0.9584586024284363,1
78095,149.14601135253906,75.95198822021484,-5.9959716796875,156.54981994628906,81.46015930175781,92.58976745605469,-22.369073954061605,-14.216319698025472,24.79522870585788,0.25998687744140625,-12.404029846191406,-22.327991485595703,0.4439801573753357,1.2526406049728394,0.0,168.00706481933594,75.36681365966797,160.231689453125,-0.25074464082717896,-0.12338992953300476,-0.05925790220499039,0.9583269357681274,1
78097,148.4461212158203,75.40482330322266,-6.121428966522217,155.9774627685547,81.3080062866211,92.48344421386719,-83.57340855197981,-65.33659320801962,-14.98076989285255,4.14569091796875,-10.990218162536621,-10.29869556427002,0.44439148902893066,1.269044280052185,0.0,167.4342498779297,75.25627899169922,160.1194305419922,-0.2574670910835266,-0.12328174710273743,-0.06026424467563629,0.9564938545227051,1
78099,147.8232421875,74.77501678466797,-6.163095474243164,155.41053771972656,81.00005340576172,92.06053161621094,-74.37756410788279,-75.20477103826124,-4.975369547315495,-0.29662322998046875,-12.332572937011719,-22.58823585510254,0.4465824365615845,1.2789597511291504,0.011822766624391079,166.9022674560547,74.96416473388672,159.68124389648438,-0.26360026001930237,-0.12446674704551697,-0.060858242213726044,0.9546303749084473,1
78101,147.0727996826172,73.10176086425781,-7.240164756774902,155.11151123046875,81.07316589355469,91.7881851196289,-89.58249380392954,-199.74140210240148,-128.57287760355393,18.246492385864258,17.113422393798828,-9.629966735839844,0.43975764513015747,1.3095766305923462,0.056841589510440826,166.7314910888672,75.04316711425781,159.3424835205078,-0.2884238362312317,-0.12603512406349182,-0.05924816429615021,0.9473206996917725,1
78103,144.84384155273438,68.80680847167969,-10.885737419128418,154.68853759765625,81.32429504394531,91.49005889892578,-265.5910440940643,-511.7641623618547,-434.3874551677436,14.259134292602539,9.084674835205078,-34.45609664916992,0.4383455514907837,1.4095834493637085,0.172140434384346,166.93508911132812,75.256103515625,158.7437286376953,-0.3537604808807373,-0.12884989380836487,-0.047767654061317444,0.9251861572265625,1
78105,140.73745727539062,63.373802185058594,-18.27903175354004,154.19223022460938,81.76091003417969,91.142822265625,-489.83363509271294,-648.0809001583839,-881.9155720803101,24.91753578186035,46.62771224975586,-19.641878128051758,0.4348992109298706,1.5609490871429443,0.3696301579475403,166.9268798828125,75.46876525878906,158.01589965820312,-0.4694904386997223,-0.11629516631364822,-0.02988213486969471,0.8747349381446838,1
78107,140.7272491455078,61.282630920410156,-26.77890396118164,154.57215881347656,84.21728515625,92.87327575683594,-1.217185609624721,-249.34474774624687,-1013.4982855390554,57.483673095703125,171.25196838378906,63.74468231201172,0.43060970306396484,1.7831021547317505,0.5766398906707764,167.48101806640625,76.33670806884766,159.354736328125,-0.5838316082954407,-0.12357883900403976,0.006680070888251066,0.8023865818977356,1
