frame_id,index_x_coor,index_y_coor,index_z_coor,palm_x_coor,palm_y_coor,palm_z_coor,index_x_velocity,index_y_velocity,index_z_velocity,palm_velocity_x,palm_velocity_y,palm_velocity_z,confidence,hand_grab_angle,hand_grab_strength,armPosition_x,armPosition_y,armPosition_z,tip_rotation_x,tip_rotation_y,tip_rotation_z,tip_rotation_w,target
80838,-89.48773193359375,306.01556396484375,2.4506335258483887,-48.89205551147461,253.1288299560547,51.151123046875,-39.0097893839702,474.9860216230154,-10.546714372409042,16.777324676513672,42.319454193115234,28.325101852416992,0.7074720859527588,2.6891849040985107,0.0,-24.45639419555664,205.26466369628906,90.46106719970703,0.2434123158454895,0.09951803088188171,0.041796982288360596,0.9638981223106384,1
80839,-92.75257873535156,303.5192565917969,3.398209810256958,-49.04958724975586,254.21412658691406,51.33486557006836,-389.7704046225408,-298.01910899183713,113.1254279942932,13.377878189086914,129.90614318847656,22.572368621826172,0.737246036529541,2.742055892944336,0.0,-24.49776840209961,205.7469024658203,89.88121032714844,0.1983880251646042,0.1282033622264862,0.07498006522655487,0.9688054919242859,1
80841,-94.14280700683594,302.2808532714844,2.354527473449707,-49.13094711303711,255.9134063720703,52.473487854003906,-166.03925856063142,-147.90633547119796,-124.65020668244324,14.083160400390625,75.0975570678711,73.77704620361328,0.7482678890228271,2.7511210441589355,0.0,-24.613834381103516,206.660888671875,89.8475570678711,0.16741019487380981,0.1315896064043045,0.10460135340690613,0.9714507460594177,1
80843,-92.14675903320312,303.483154296875,2.301915407180786,-49.55594253540039,254.90350341796875,52.87855911254883,238.6570392100839,143.75285902409814,-6.290550191342845,6.851409912109375,-96.13907623291016,-19.598613739013672,0.7502562999725342,2.740581750869751,0.0,-25.123676300048828,205.57862854003906,90.16500091552734,0.19538502395153046,0.11073875427246094,0.09270191937685013,0.9700350165367126,1
80845,-91.73750305175781,302.9993591308594,3.7242558002471924,-49.75419235229492,253.20425415039062,51.530487060546875,48.87092559156008,-57.77195357391611,169.84746629709844,23.645526885986328,-96.82282257080078,-90.02493286132812,0.7535011172294617,2.7344934940338135,0.0,-25.582305908203125,204.16934204101562,89.37633514404297,0.20563362538814545,0.11002746224403381,0.08059503138065338,0.969078540802002,1
80847,-92.25132751464844,305.4503479003906,4.325571537017822,-50.27883529663086,251.60806274414062,50.06535720825195,-61.403497299179435,292.9001889936626,71.85895550988789,-8.350223541259766,-75.51140594482422,-84.33883666992188,0.7520275712013245,2.7037770748138428,0.0,-26.132122039794922,203.10276794433594,88.74812316894531,0.24513140320777893,0.1133236512541771,0.05766013637185097,0.961115837097168,1
80849,-93.62413024902344,307.1499328613281,3.3012008666992188,-50.78847885131836,250.7958526611328,49.33338928222656,-163.8863073401153,202.89783541671932,-122.29020404921175,2.950725555419922,-37.85480880737305,-41.45692443847656,0.7511293292045593,2.6825966835021973,0.0,-26.591686248779297,202.50645446777344,88.255126953125,0.270945280790329,0.12510822713375092,0.05333108827471733,0.9529387950897217,1
80850,-94.15478515625,307.2579650878906,3.2275514602661133,-51.01375961303711,250.40443420410156,49.08407974243164,-63.40384037804324,12.9079331131652,-8.799796526574937,5.172264099121094,-46.69618225097656,-29.285327911376953,0.7506448030471802,2.6763296127319336,0.0,-26.787425994873047,202.1909942626953,88.0666275024414,0.2764957845211029,0.1269235908985138,0.05349643900990486,0.9510933756828308,1
80852,-94.81303405761719,306.343994140625,3.057790994644165,-51.59272384643555,249.54092407226562,48.657657623291016,-78.57290822383948,-109.09756964212283,-20.26372312607782,-4.942722320556641,-46.146141052246094,-21.011640548706055,0.7492257356643677,2.6681745052337646,0.0,-27.206302642822266,201.37942504882812,87.61739349365234,0.2765510380268097,0.12758100032806396,0.05355279892683029,0.9509862065315247,1
80854,-95.73297119140625,305.7173767089844,3.142193555831909,-52.29551315307617,248.6123046875,48.332427978515625,-109.88113967841491,-74.84580739494413,10.081394993685535,-2.50970458984375,-58.38323974609375,-12.745378494262695,0.7495492100715637,2.6624698638916016,0.0,-27.65655517578125,200.5575714111328,87.28367614746094,0.2799203097820282,0.12801480293273926,0.05400378257036209,0.9499160051345825,1
80856,-96.41799926757812,305.30670166015625,3.3669166564941406,-52.81611251831055,247.60336303710938,48.06548309326172,-81.68818696914241,-48.97215360822156,26.797766838648386,0.30846214294433594,-58.51837158203125,-22.340473175048828,0.7498083114624023,2.6573972702026367,0.0,-27.900089263916016,199.8509521484375,87.11457061767578,0.2876199185848236,0.12666532397270203,0.05486106872558594,0.9477452039718628,1
80858,-96.13554382324219,304.3943786621094,3.3704850673675537,-53.00223159790039,246.65139770507812,47.9174919128418,33.6764308885904,-108.77390755922534,0.4254523839790636,22.42567253112793,-48.94873809814453,-4.838376522064209,0.7494246959686279,2.652561664581299,0.0,-27.94738006591797,199.22555541992188,87.23633575439453,0.28976741433143616,0.12256231904029846,0.0541815310716629,0.9476696252822876,1
80860,-95.95079040527344,303.9731750488281,3.1285650730133057,-53.10483169555664,246.15130615234375,47.97739791870117,22.016296272631735,-50.19308245042339,-28.82859937604735,26.803924560546875,-31.870830535888672,8.7576322555542,0.7493053078651428,2.6469573974609375,0.0,-27.94235610961914,198.97984313964844,87.51649475097656,0.2931015193462372,0.1208086833357811,0.05351809784770012,0.9469068646430969,1
80861,-95.78335571289062,303.2969665527344,3.0388076305389404,-53.176395416259766,245.95361328125,48.04811477661133,19.966506588854827,-80.63753813831136,-10.703531872986787,23.5947265625,-23.503402709960938,9.12222957611084,0.7493067979812622,2.6476449966430664,0.0,-27.976337432861328,198.8590545654297,87.6422348022461,0.28968679904937744,0.11887984722852707,0.053860023617744446,0.9481815695762634,1
80863,-95.79959106445312,302.7394714355469,2.4470391273498535,-53.36086654663086,245.8135986328125,48.23277282714844,-1.9349298235028982,-66.44228950329125,-70.5269929648457,23.687129974365234,-8.932607650756836,15.942244529724121,0.7504081130027771,2.646709442138672,0.0,-28.07109832763672,198.86183166503906,87.89778137207031,0.2906888723373413,0.11923399567604065,0.05495472997426987,0.9477674961090088,1
80865,-96.12718200683594,302.9483642578125,1.7226221561431885,-53.52211380004883,246.10443115234375,48.568546295166016,-39.1049590758048,24.935809294693172,-86.47460093616246,23.121963500976562,23.547977447509766,24.573781967163086,0.7509159445762634,2.6450605392456055,0.0,-28.157546997070312,199.24188232421875,88.25276184082031,0.2922484576702118,0.12080058455467224,0.05571456253528595,0.947044849395752,1
80867,-96.18997192382812,302.4278564453125,1.2545297145843506,-53.68227767944336,246.56204223632812,48.98215866088867,-7.493624875205569,-62.11969179660082,-55.86421087955023,25.819522857666016,23.28435516357422,21.183225631713867,0.750335693359375,2.650516986846924,0.0,-28.27350616455078,199.73715209960938,88.62120819091797,0.2824874222278595,0.1214817464351654,0.056293219327926636,0.9498810768127441,1
80869,-95.92063903808594,302.5079345703125,0.9462656378746033,-53.820682525634766,246.9925994873047,49.38816452026367,32.164698500186205,9.56321668624878,-36.814000854312326,17.915958404541016,27.106643676757812,22.091407775878906,0.7498972415924072,2.653332233428955,0.0,-28.401397705078125,200.21632385253906,89.01598358154297,0.27972835302352905,0.11778315156698227,0.05474795028567314,0.9512527585029602,1
80871,-96.20442199707031,302.45819091796875,0.5795846581459045,-54.15110397338867,247.5688018798828,49.71780014038086,-33.89847331517376,-5.941984246019274,-43.80081683199114,11.884540557861328,31.167572021484375,21.14091682434082,0.752078652381897,2.6578807830810547,0.0,-28.72824478149414,200.81436157226562,89.28324127197266,0.27253493666648865,0.11922921985387802,0.05625307187438011,0.9530711770057678,1
80872,-96.35450744628906,302.4917297363281,0.4105321764945984,-54.266971588134766,247.74383544921875,49.845035552978516,-17.919937211554497,4.004475598921999,-20.18456734092524,18.39051055908203,21.11736488342285,15.78355598449707,0.7538467049598694,2.657015085220337,0.0,-28.855846405029297,200.9871368408203,89.37547302246094,0.2714349627494812,0.11971503496170044,0.056988686323165894,0.9532804489135742,1
80874,-96.55418395996094,302.7334289550781,-0.20905238389968872,-54.44955062866211,248.33685302734375,50.21235656738281,-23.82585095660761,28.840094693005085,-73.93022403840587,26.60299301147461,36.414100646972656,23.293893814086914,0.7566899657249451,2.657162666320801,0.0,-29.04587173461914,201.57179260253906,89.6304702758789,0.2695549726486206,0.12107569724321365,0.059548813849687576,0.9534855484962463,1
80876,-96.39900207519531,302.632080078125,-0.698010265827179,-54.30642318725586,248.83383178710938,50.699405670166016,18.52696859277785,-12.099914001300931,-58.37606196975685,45.3365592956543,22.840618133544922,29.744916915893555,0.75803542137146,2.6588873863220215,0.0,-28.90697479248047,202.0219268798828,89.96013641357422,0.26228201389312744,0.1218160092830658,0.061656415462493896,0.9552839994430542,1
80878,-96.59739685058594,303.4095764160156,-0.9273016452789307,-54.02035903930664,249.22776794433594,51.053375244140625,-23.699933932861313,92.87851358368061,-27.39079460979565,54.436546325683594,19.340312957763672,14.965654373168945,0.7603030800819397,2.6571195125579834,0.0,-28.65540313720703,202.36236572265625,90.20648193359375,0.26672711968421936,0.1258569359779358,0.06331807374954224,0.9534188508987427,1
80880,-96.40676879882812,303.48193359375,-0.7226786613464355,-53.77767562866211,249.4057159423828,51.18926239013672,22.766693735844456,8.641612238483503,24.438107422009125,37.13212966918945,15.604044914245605,4.622264385223389,0.7618532180786133,2.659538745880127,0.0,-28.45205307006836,202.49627685546875,90.28014373779297,0.2623014748096466,0.1245093047618866,0.06406787037849426,0.9547725915908813,1
80882,-96.32891845703125,303.7721252441406,-0.6094723343849182,-53.74101638793945,249.68136596679688,51.26278305053711,9.303215628489852,34.67827417142689,13.528301172784268,33.305511474609375,23.507240295410156,7.133431434631348,0.7621537446975708,2.661299467086792,0.0,-28.469402313232422,202.748291015625,90.33052825927734,0.2621014714241028,0.12380053848028183,0.0641268938779831,0.9549157023429871,1
80884,-96.20533752441406,303.882568359375,-0.42278942465782166,-53.698734283447266,249.85792541503906,51.28125,14.75495352060534,13.186362956184894,22.289018198682697,35.05344009399414,0.708409309387207,0.7217462658882141,0.7620806097984314,2.661830186843872,0.0,-28.48282241821289,202.92503356933594,90.3672866821289,0.2610796093940735,0.12270110100507736,0.06393822282552719,0.9553501009941101,1
80885,-96.13943481445312,303.9653625488281,-0.42885351181030273,-53.64009475708008,249.90164184570312,51.30424499511719,7.875353728421032,9.893880372866988,-0.7246565641089546,39.219173431396484,5.4941182136535645,3.375302314758301,0.7618215680122375,2.6607632637023926,0.0,-28.465621948242188,202.9650115966797,90.40029907226562,0.26155298948287964,0.12271431088447571,0.06376997381448746,0.9552301168441772,1
80887,-95.8515625,303.7869873046875,-0.6782294511795044,-53.46451950073242,250.04359436035156,51.51944351196289,34.35777113470249,-21.28921576193534,-29.763200631589825,41.30665969848633,13.468405723571777,17.571016311645508,0.7604086399078369,2.6600253582000732,0.0,-28.359737396240234,203.08360290527344,90.61237335205078,0.25800228118896484,0.12283753603696823,0.0643499419093132,0.9561405777931213,1
80889,-95.61672973632812,303.7173156738281,-0.7736928462982178,-53.3149299621582,250.34979248046875,51.62107467651367,28.03787315497175,-8.318448916543275,-11.397858294685648,34.86322784423828,23.62590980529785,3.198707103729248,0.7593687772750854,2.6612768173217773,0.0,-28.24508285522461,203.3826141357422,90.70761108398438,0.25498420000076294,0.12342580407857895,0.06483927369117737,0.9568411707878113,1
80891,-95.59965515136719,304.3512878417969,-0.6778102517127991,-53.3074836730957,250.71270751953125,51.59807586669922,2.0396493977168575,75.73132544802502,11.453682578234748,30.282075881958008,24.24329376220703,-1.0358242988586426,0.7595930695533752,2.658135414123535,0.0,-28.229278564453125,203.74851989746094,90.6683349609375,0.25840312242507935,0.12235444784164429,0.06410175561904907,0.956110954284668,1
80893,-95.08169555664062,304.50750732421875,-0.4677710235118866,-53.169376373291016,250.97897338867188,51.51646423339844,61.87218859267887,18.660994750680402,25.089962366597547,40.79420471191406,15.517578125,-6.354345321655273,0.7602347731590271,2.660306692123413,0.0,-28.09593963623047,204.06288146972656,90.62782287597656,0.25682777166366577,0.12051263451576233,0.06247979402542114,0.9568763971328735,1
80895,-94.68699645996094,305.14739990234375,-0.15168872475624084,-52.990779876708984,251.2937774658203,51.3155517578125,47.13325196446385,76.41319265402853,37.74517538571172,43.22658157348633,19.789731979370117,-13.988292694091797,0.7606125473976135,2.6605162620544434,0.0,-27.95642852783203,204.4491729736328,90.5141830444336,0.26060980558395386,0.11941491812467575,0.0612163208425045,0.9560727477073669,1
80897,-93.75373840332031,305.2332763671875,0.8306216597557068,-52.73685836791992,251.39002990722656,51.141029357910156,111.47077254974283,10.257308588828892,117.32971032614091,47.34033966064453,5.801082134246826,-11.50308895111084,0.7618972063064575,2.6645474433898926,0.0,-27.774398803710938,204.66200256347656,90.5294189453125,0.2569693922996521,0.112641841173172,0.05842748284339905,0.9580525755882263,1
80898,-93.08807373046875,304.89141845703125,1.4749858379364014,-52.55827713012695,251.3213348388672,50.98440170288086,79.48340504663065,-40.81939728744328,76.94002860701039,53.596702575683594,-7.974159240722656,-18.147571563720703,0.7622013688087463,2.6698904037475586,0.0,-27.639453887939453,204.68312072753906,90.50091552734375,0.253478080034256,0.10875925421714783,0.056815557181835175,0.9595271348953247,1
80900,-91.80326843261719,304.84912109375,2.3039302825927734,-52.30360794067383,251.52597045898438,50.65858459472656,153.2469378778478,-5.045076801907271,98.87350093190435,43.97552490234375,20.887935638427734,-18.380712509155273,0.7617368698120117,2.6705374717712402,0.0,-27.495769500732422,205.0115966796875,90.36124420166016,0.2500509023666382,0.10016843676567078,0.05185888707637787,0.9616400003433228,1
80902,-90.93663024902344,306.849365234375,2.745007276535034,-52.16484451293945,251.8847198486328,50.23447036743164,103.27229858469218,238.3576145656407,52.56061396735822,43.8262825012207,16.111480712890625,-29.28331756591797,0.7596107721328735,2.6612658500671387,0.0,-27.52596664428711,205.4226531982422,90.08757781982422,0.26741164922714233,0.09507918357849121,0.044692590832710266,0.9578379392623901,1
80904,-90.32478332519531,308.27105712890625,2.9392073154449463,-52.15549850463867,252.03964233398438,49.74150848388672,72.98179586254992,169.58102359483019,23.16440116679223,31.864152908325195,10.539855003356934,-20.6507568359375,0.7557952404022217,2.6505308151245117,0.0,-27.779136657714844,205.6534423828125,89.87155151367188,0.2793036103248596,0.09107544273138046,0.040370550006628036,0.9550209045410156,1
80906,-90.93449401855469,309.9621887207031,2.6199228763580322,-52.819637298583984,252.14291381835938,49.22272872924805,-72.68170864228159,201.59451846498996,-38.06090138893342,-18.443714141845703,-1.8268722295761108,-33.01426696777344,0.7503029704093933,2.635345697402954,0.0,-28.591590881347656,205.82850646972656,89.50057983398438,0.2962571382522583,0.09264245629310608,0.0379386842250824,0.9498472213745117,1
80907,-91.46394348144531,310.0115661621094,2.702106237411499,-53.33970260620117,251.9944610595703,48.87446212768555,-63.075587230268866,5.882546552456915,9.790856582803826,-29.937599182128906,-17.47480010986328,-40.9864501953125,0.7493398189544678,2.631326675415039,0.0,-29.136436462402344,205.7509765625,89.23432922363281,0.29781511425971985,0.09389965981245041,0.036619480699300766,0.9492881298065186,1
80909,-94.545166015625,308.56396484375,2.210829257965088,-55.0135612487793,251.3815155029297,48.25693130493164,-367.64378476701677,-172.72417737171054,-58.61794339391054,-86.44535827636719,-44.843772888183594,-41.53514099121094,0.7444894909858704,2.623910665512085,0.0,-30.560874938964844,205.3365936279297,88.72096252441406,0.2969842553138733,0.10897177457809448,0.04221998155117035,0.9477040767669678,1
80911,-98.73672485351562,305.3697204589844,2.1932449340820312,-57.39531326293945,250.05316162109375,47.90180206298828,-500.13961341488175,-381.1393835886847,-2.098173326241522,-122.31951904296875,-84.54608154296875,-19.569549560546875,0.7408751845359802,2.625718832015991,0.0,-32.27725601196289,204.35264587402344,88.30750274658203,0.2849983274936676,0.12241499871015549,0.05309029668569565,0.9491954445838928,1
80913,-104.87881469726562,301.4013366699219,0.6817862391471863,-60.60307693481445,247.9337921142578,47.89071273803711,-732.9171292930841,-473.53531592711806,-180.35782541734625,-166.64801025390625,-140.3261260986328,9.852384567260742,0.7396055459976196,2.624019145965576,0.0,-33.83748245239258,202.8427276611328,87.80394744873047,0.2780499756336212,0.1428680717945099,0.0692824125289917,0.9473525881767273,1
80915,-111.31607055664062,297.0956726074219,-1.3511230945587158,-63.861812591552734,245.26724243164062,48.32529830932617,-768.9744429979473,-514.3411566242576,-242.8449880977082,-142.08653259277344,-174.4024658203125,40.10993576049805,0.7393549084663391,2.615159749984741,0.0,-35.08285140991211,200.88873291015625,87.57987213134766,0.2766985297203064,0.16085374355316162,0.08527219295501709,0.9435532093048096,1
80917,-117.3406982421875,292.5386962890625,-4.320999622344971,-66.74562072753906,242.87921142578125,49.30802536010742,-720.1419877109583,-544.7091762579512,-354.9983331097701,-133.72781372070312,-150.1387481689453,64.57994079589844,0.7359085083007812,2.6063663959503174,0.0,-36.48942184448242,199.140380859375,88.11954498291016,0.2741852104663849,0.18348956108093262,0.10078321397304535,0.9386143088340759,1
80918,-120.07608032226562,289.7823486328125,-4.561079502105713,-68.016357421875,240.9163055419922,49.6636848449707,-326.5044935902115,-329.0070159547031,-28.656749685309478,-118.81149291992188,-233.00302124023438,42.8869514465332,0.7351643443107605,2.6090710163116455,0.0,-36.98495101928711,197.72909545898438,88.44434356689453,0.27611732482910156,0.18881651759147644,0.11255915462970734,0.9356484413146973,1
80920,-125.86701965332031,285.8351135253906,-5.186983108520508,-70.16909790039062,238.0388946533203,50.366172790527344,-692.1717080986127,-471.7998774256557,-74.81217529493733,-99.62063598632812,-160.4540557861328,46.9153938293457,0.7416289448738098,2.604663848876953,0.0,-38.060733795166016,195.8302001953125,89.1833724975586,0.2765829563140869,0.20663271844387054,0.12767361104488373,0.9297872185707092,1
80922,-130.35105895996094,282.01953125,-4.389957427978516,-72.22090148925781,234.7782745361328,51.014427185058594,-535.4431868665852,-455.6221285262145,95.17355696947197,-77.097900390625,-214.3008575439453,39.927642822265625,0.7477010488510132,2.6063308715820312,0.0,-38.90962600708008,193.4849853515625,89.75643920898438,0.2693353593349457,0.20647741854190826,0.14100462198257446,0.9300232529640198,1
80924,-132.82861328125,279.084716796875,-3.6029903888702393,-73.36959838867188,231.40875244140625,51.187618255615234,-295.82344885217026,-350.4209477081895,93.96496441735508,-37.04336166381836,-202.38890075683594,-0.05629158020019531,0.7522823214530945,2.6068904399871826,0.0,-39.4532585144043,191.46018981933594,90.45055389404297,0.27268844842910767,0.20856423676013947,0.1433640867471695,0.9282180070877075,1
80926,-133.7694091796875,276.7209777832031,-2.5005011558532715,-73.76695251464844,228.58480834960938,51.565208435058594,-112.30105762090534,-282.1551322832238,131.60209040993323,18.892635345458984,-165.88267517089844,25.009231567382812,0.7596214413642883,2.607923746109009,0.0,-39.54697799682617,189.6038360595703,91.48179626464844,0.27641627192497253,0.20160916447639465,0.14267459511756897,0.9287582039833069,1
80927,-133.1836395263672,275.6935729980469,-3.029552936553955,-73.67147827148438,227.4943084716797,52.09259033203125,69.9361513502663,-122.66380845336244,-63.16449682479288,43.562965393066406,-129.5619354248047,63.40565872192383,0.7613685727119446,2.6027438640594482,0.0,-39.39833450317383,188.7999725341797,92.26750946044922,0.28028690814971924,0.1966104954481125,0.14105269312858582,0.9289174675941467,1
80929,-129.53704833984375,272.6769104003906,-1.1796748638153076,-72.45481872558594,225.6239013671875,52.87113571166992,435.379206038313,-360.16984067391604,220.8633777082323,153.2428741455078,-115.86790466308594,41.51127243041992,0.761227548122406,2.6104936599731445,0.0,-38.38313674926758,187.26690673828125,93.52293395996094,0.2604959309101105,0.17787790298461914,0.1351320445537567,0.9392766356468201,1
80931,-124.028076171875,271.8971252441406,-1.5414618253707886,-69.72918701171875,224.4008026123047,53.927860260009766,658.0146816987544,-93.1408011764288,-43.213348169530946,208.01876831054688,-71.68416595458984,70.56881713867188,0.7556586265563965,2.6122803688049316,0.0,-36.47975540161133,185.96536254882812,95.1175765991211,0.2574840486049652,0.16642595827579498,0.11759908497333527,0.9445500373840332,1
80933,-116.33375549316406,273.40521240234375,-1.0941965579986572,-66.59503173828125,223.5482177734375,55.10762405395508,918.7370638805442,180.07250095997006,53.40551761225288,233.13052368164062,-40.60060119628906,81.12352752685547,0.7506332397460938,2.6147754192352295,0.0,-34.67314529418945,184.9167022705078,97.20559692382812,0.27638542652130127,0.1355605125427246,0.10095836967229843,0.9460664987564087,1
80935,-107.54934692382812,277.05706787109375,-1.5383141040802002,-62.39436721801758,223.37286376953125,56.53010559082031,1048.856788109406,436.0308798663318,-53.02755435945437,284.22125244140625,3.639826536178589,69.8733139038086,0.7415350079536438,2.599681854248047,0.0,-32.54951095581055,183.7615509033203,99.45694732666016,0.2970399558544159,0.11016040295362473,0.07770614326000214,0.945300817489624,1
80937,-98.37242126464844,280.7016906738281,-0.6837131977081299,-58.337467193603516,223.4044189453125,57.15852355957031,1095.8686072299024,435.2250266640913,102.05272874435468,264.9280700683594,6.084872245788574,25.96009635925293,0.7395790815353394,2.6009409427642822,0.0,-30.879623413085938,183.04173278808594,101.04621124267578,0.31150728464126587,0.0813206359744072,0.05364946648478508,0.9452364444732666,1
80939,-89.65312194824219,280.9470520019531,-0.5874606370925903,-54.73892593383789,223.2840118408203,57.981475830078125,1042.0089545063674,29.322161301970482,11.502762597774563,234.86463928222656,7.777328014373779,55.570308685302734,0.7296546101570129,2.592634677886963,0.0,-29.245765686035156,182.20327758789062,102.44485473632812,0.3045531213283539,0.05651378259062767,0.031066490337252617,0.950309693813324,1
80940,-86.3641357421875,281.42425537109375,-0.6933279037475586,-53.61288833618164,223.29458618164062,58.42656707763672,392.69394220621325,56.976484704297036,-12.640197218463072,166.90586853027344,1.5241450071334839,53.869083404541016,0.7195648550987244,2.5838255882263184,0.0,-28.73015594482422,181.93096923828125,103.08545684814453,0.3042677938938141,0.04702239856123924,0.022426990792155266,0.9511608481407166,1
80942,-80.89881896972656,280.9469299316406,0.14811772108078003,-51.65963363647461,222.64317321777344,59.24878692626953,652.2982243594015,-56.969897548435256,100.4284856343952,141.45120239257812,-58.619625091552734,53.681156158447266,0.7035301923751831,2.5745303630828857,0.0,-28.118213653564453,180.72189331054688,104.24806213378906,0.29365968704223633,0.03540509566664696,0.0037789938505738974,0.95524662733078,1
80944,-77.75970458984375,278.96527099609375,1.0347650051116943,-50.37797164916992,220.9374237060547,60.056331634521484,374.92905147664715,-236.68506946298294,105.89923939262962,89.17979431152344,-103.21646118164062,61.589027404785156,0.693490207195282,2.5781447887420654,0.0,-27.77804183959961,178.987060546875,105.68455505371094,0.27597957849502563,0.040237125009298325,-0.021407483145594597,0.9600822329521179,1
80946,-77.34640502929688,275.14752197265625,0.4329126477241516,-50.75606918334961,219.18446350097656,61.357723236083984,49.30602710880339,-455.45181948691607,-71.80009726983917,-18.87960433959961,-96.98062896728516,94.60021209716797,0.6808926463127136,2.583651065826416,0.0,-28.490169525146484,177.16635131835938,107.26317596435547,0.2528720200061798,0.04080745577812195,-0.032783426344394684,0.9660826921463013,1
80948,-80.45352172851562,272.5050048828125,-0.6998425126075745,-52.54707717895508,217.63059997558594,62.703041076660156,-370.26707892492414,-314.9019424058497,-134.98750930681854,-81.3487548828125,-87.33125305175781,70.85175323486328,0.6676574945449829,2.5821850299835205,0.0,-29.88753890991211,175.35264587402344,108.24030303955078,0.23614859580993652,0.05350848659873009,-0.03320539370179176,0.9696742296218872,1
80949,-83.38832092285156,271.1715087890625,-0.8509028553962708,-53.84299087524414,216.75523376464844,63.216060638427734,-349.8389816901181,-158.95769510418177,-18.00695481890216,-123.26338195800781,-104.75071716308594,62.16508102416992,0.662790060043335,2.5921084880828857,0.0,-30.803180694580078,174.51165771484375,108.63325500488281,0.22882108390331268,0.06797802448272705,-0.03204569220542908,0.9705632328987122,1
80951,-92.06768798828125,270.37835693359375,-2.2659006118774414,-57.85548782348633,216.03514099121094,63.98741912841797,-1035.1612623399124,-94.59676837548614,-168.76240545711698,-214.213623046875,-21.313339233398438,37.72688293457031,0.6724992394447327,2.5974068641662598,0.0,-33.368656158447266,174.02926635742188,108.76715850830078,0.2288820594549179,0.09272006899118423,-0.018026890233159065,0.9688606858253479,1
80953,-101.54701232910156,266.76263427734375,-3.495271682739258,-62.314998626708984,215.06146240234375,64.02867889404297,-1129.2229210271034,-430.7223545387387,-146.44862247056153,-247.2532958984375,-69.2549057006836,-14.421425819396973,0.6942337155342102,2.611595392227173,0.0,-35.8022346496582,173.832763671875,108.0198974609375,0.21146905422210693,0.11969106644392014,-0.006345569621771574,0.9700075387954712,1
80955,-113.7081298828125,264.3372802734375,-6.665884494781494,-67.16496276855469,212.70057678222656,64.12893676757812,-1450.5149952261709,-289.28363991715014,-378.1742432479077,-256.82073974609375,-137.3212127685547,12.62945556640625,0.7057265043258667,2.600398302078247,0.0,-37.5781135559082,173.35763549804688,107.6532211303711,0.22447136044502258,0.16368557512760162,0.011605537496507168,0.960564911365509,1
80956,-119.03901672363281,261.7004089355469,-8.662877082824707,-69.18888854980469,211.3968048095703,64.87854766845703,-636.4815825072583,-314.8294255952351,-238.43106046824687,-209.95684814453125,-155.73080444335938,90.30982971191406,0.7092809081077576,2.587916851043701,0.0,-37.99837875366211,172.885498046875,108.00542449951172,0.22064252197742462,0.18324200809001923,0.020557885989546776,0.9577664732933044,1
80959,-131.2669219970703,253.14413452148438,-14.531131744384766,-73.97883605957031,209.58145141601562,67.01930236816406,-1459.1385131562129,-1021.0080342879519,-700.2504672890427,-138.76210021972656,-88.01864624023438,80.48922729492188,0.7156590819358826,2.5893783569335938,0.0,-39.834712982177734,173.2283172607422,109.24327850341797,0.16679494082927704,0.24197350442409515,0.026185495778918266,0.9554802775382996,1
80960,-133.2351837158203,250.94100952148438,-15.831169128417969,-74.95762634277344,209.17672729492188,68.12226104736328,-234.8636494986713,-262.88880836963654,-155.12750239975867,-84.87017822265625,-48.146366119384766,132.53900146484375,0.7146464586257935,2.5860660076141357,0.0,-40.18996810913086,173.4333953857422,110.26387023925781,0.15041688084602356,0.24950018525123596,0.027295801788568497,0.9562318325042725,1
80962,-135.4138946533203,248.73460388183594,-17.5792179107666,-76.28880310058594,209.64772033691406,70.02057647705078,-260.31381963938475,-263.6228009163169,-208.85802132672688,-29.2626953125,29.746768951416016,130.54638671875,0.7172874808311462,2.5879111289978027,0.0,-40.91500473022461,174.54713439941406,112.07832336425781,0.12583068013191223,0.2522298991680145,0.03359810262918472,0.9588627815246582,1
80964,-134.96861267089844,248.2916717529297,-19.131471633911133,-75.73806762695312,210.38491821289062,72.1390380859375,53.180696551222354,-52.90005001332611,-185.3879956518067,65.63276672363281,57.584537506103516,122.27855682373047,0.7124344706535339,2.5881617069244385,0.0,-40.27657699584961,175.49273681640625,114.2528076171875,0.1114206537604332,0.2526581883430481,0.03291455656290054,0.9605550169944763,1
80966,-133.4575653076172,248.22035217285156,-20.128694534301758,-74.79165649414062,211.51565551757812,73.6754379272461,180.83862121542916,-8.535360863199458,-119.34530891175382,114.20352172851562,59.914302825927734,87.17610931396484,0.7118456363677979,2.5889506340026855,0.0,-39.32906723022461,176.62353515625,115.80193328857422,0.09851077198982239,0.24779951572418213,0.034251824021339417,0.9631810784339905,1
80968,-129.08787536621094,248.5542755126953,-21.22936248779297,-72.43519592285156,213.11837768554688,75.3922119140625,521.9964221059345,39.88996725017205,-131.4840964354953,198.34950256347656,97.35179901123047,106.14019012451172,0.7002679705619812,2.5954954624176025,0.0,-37.450313568115234,177.7082977294922,117.53071594238281,0.07200080901384354,0.2381853610277176,0.02881619893014431,0.96811842918396,1
80970,-123.61183166503906,250.58453369140625,-21.661378860473633,-69.04075622558594,215.01278686523438,77.0264663696289,653.6911858515814,242.35779494279996,-51.57104478630936,243.45204162597656,125.827880859375,97.5827865600586,0.6892959475517273,2.5985045433044434,0.0,-35.038333892822266,178.86114501953125,119.38565826416016,0.05505171790719032,0.23111596703529358,0.014070970937609673,0.9712655544281006,1
80972,-115.99508666992188,252.16629028320312,-20.829423904418945,-65.00050354003906,216.83218383789062,78.1853256225586,909.1966918659164,188.81134415301494,99.30891664500814,293.47698974609375,106.70309448242188,57.97203826904297,0.683650553226471,2.6003403663635254,0.0,-32.42280960083008,180.14744567871094,121.23070526123047,0.038488008081912994,0.21112099289894104,-0.0067076534032821655,0.9766788482666016,1
80973,-111.77513122558594,253.00367736816406,-20.77120018005371,-62.665225982666016,217.8053741455078,78.53424072265625,503.9688679279061,100.00508934084792,6.95337778844987,312.6772766113281,117.1468505859375,42.528072357177734,0.6801742315292358,2.6082351207733154,0.0,-30.918907165527344,180.62416076660156,121.79873657226562,0.02963828667998314,0.20294137299060822,-0.015288038179278374,0.9786228537559509,1
80975,-104.19839477539062,257.7316589355469,-19.301010131835938,-57.774471282958984,219.49252319335938,78.84162902832031,904.4449356808327,564.3853409341536,175.49850814259844,322.1257629394531,96.7271728515625,4.256340026855469,0.6809148192405701,2.602303981781006,0.0,-27.62240982055664,181.77511596679688,122.82875061035156,0.05416695028543472,0.18949183821678162,-0.03450420871376991,0.9797797203063965,1
80977,-95.06181335449219,261.2670593261719,-17.93926429748535,-52.74563217163086,220.77464294433594,78.74578857421875,1091.4129295066232,422.32225813530385,162.66773553974053,349.8860168457031,72.07109069824219,-7.0269670486450195,0.675951361656189,2.6063425540924072,0.0,-24.016300201416016,182.3797607421875,123.19193267822266,0.07306123524904251,0.16348467767238617,-0.05262969434261322,0.9824280738830566,1
80979,-85.50885009765625,263.9230041503906,-17.1793212890625,-46.3847541809082,222.2081298828125,78.97994232177734,1141.0156482014572,317.2287513012998,90.76836590272433,423.92724609375,100.03919982910156,16.024049758911133,0.6747502088546753,2.6146931648254395,0.0,-19.95018768310547,182.83615112304688,124.08429718017578,0.07195734232664108,0.1524517834186554,-0.07613363862037659,0.9827432632446289,1
80981,-76.42385864257812,267.80023193359375,-16.15149688720703,-40.584224700927734,224.5873565673828,78.98066711425781,1084.1566152183805,462.6886189880315,122.65532995428657,333.4363098144531,155.49876403808594,-36.21173858642578,0.6825164556503296,2.6258041858673096,0.0,-16.534076690673828,184.09857177734375,124.49130249023438,0.08284788578748703,0.1368860900402069,-0.09511177986860275,0.9825233817100525,1
80982,-71.85063171386719,269.4417419433594,-15.941296577453613,-38.05330276489258,225.78024291992188,78.87532043457031,545.7890170043102,195.9050247448031,25.08622953172744,336.394287109375,143.6368865966797,-12.040356636047363,0.6817956566810608,2.620680809020996,0.0,-14.637950897216797,184.793701171875,124.3550796508789,0.08631893992424011,0.12472155690193176,-0.10129772871732712,0.9832254648208618,1
80984,-63.32431411743164,271.73394775390625,-14.451330184936523,-32.98655319213867,227.91094970703125,78.77550506591797,1018.3109281205689,273.76158581720665,177.94892611868272,319.2609558105469,119.09835815429688,-36.63104248046875,0.6843425035476685,2.617020606994629,0.0,-11.073005676269531,185.96742248535156,124.19204711914062,0.08410978317260742,0.09854971617460251,-0.1125059500336647,0.9851679801940918,1
80986,-56.4442024230957,274.1322021484375,-12.463849067687988,-28.484771728515625,229.72633361816406,77.5822525024414,821.3751155202044,286.31315418565646,237.27340554924012,285.8897399902344,106.10894012451172,-89.05635833740234,0.6889318227767944,2.6111602783203125,0.0,-8.219127655029297,187.24986267089844,123.21290588378906,0.08953965455293655,0.0838153287768364,-0.11816748976707458,0.985390305519104,1
80988,-50.693546295166016,277.4507141113281,-10.630461692810059,-24.918048858642578,231.40072631835938,76.2951431274414,686.6819645074429,396.2612723184284,218.92354824866925,228.9131317138672,106.28815460205078,-96.0591049194336,0.6906546354293823,2.607884168624878,0.0,-5.511081695556641,188.45733642578125,121.87966918945312,0.11213312298059464,0.0691816434264183,-0.12088167667388916,0.9838839769363403,1
80990,-46.712894439697266,280.9156799316406,-9.988630294799805,-22.06755828857422,233.2021942138672,75.48875427246094,475.71826669201255,414.0898511186242,76.7037488471833,179.35345458984375,120.18760681152344,-27.64902114868164,0.6949650645256042,2.5988197326660156,0.0,-3.4039306640625,189.8542938232422,121.01959991455078,0.12999218702316284,0.06656581163406372,-0.12374916672706604,0.9815075993537903,1
80992,-44.85691452026367,285.2450256347656,-9.83353328704834,-20.439857482910156,235.2232666015625,74.5997314453125,221.73015667952131,517.2181503809988,18.529124948589015,118.19802856445312,98.47727966308594,-45.464141845703125,0.6911458969116211,2.5882577896118164,0.0,-2.0803794860839844,191.45315551757812,119.90384674072266,0.14923778176307678,0.07018759846687317,-0.1276322454214096,0.9780142307281494,1
80993,-44.8763542175293,286.7377624511719,-10.077143669128418,-20.008880615234375,235.72779846191406,74.3307113647461,-2.3167319134809077,177.89737019781023,-29.03234237182187,82.81144714355469,59.511165618896484,-30.971860885620117,0.6937940716743469,2.5878047943115234,0.0,-1.6837959289550781,191.80088806152344,119.49568939208984,0.16063810884952545,0.0757979154586792,-0.12621024250984192,0.9759718775749207,1
80995,-46.04801559448242,289.6986999511719,-10.419004440307617,-19.938678741455078,237.0637969970703,73.7417984008789,-139.67934752977453,352.9874981045723,-40.754854946666455,24.240859985351562,88.61511993408203,-44.75813293457031,0.701159656047821,2.587197780609131,0.0,-1.5252113342285156,192.9315643310547,118.60969543457031,0.1784287989139557,0.08560705184936523,-0.12169087678194046,0.9726386666297913,1
80997,-48.62489700317383,289.12054443359375,-9.832917213439941,-20.53228759765625,238.1681365966797,73.08226776123047,-306.9868044864852,-68.87632245663553,69.82123597912141,-13.465843200683594,64.84226989746094,-37.87141799926758,0.7117165923118591,2.6033618450164795,0.0,-1.8746109008789062,193.91062927246094,117.63611602783203,0.15818950533866882,0.09573634713888168,-0.11179142445325851,0.9763776659965515,1
80999,-51.835636138916016,287.1021423339844,-8.617609024047852,-21.262554168701172,238.0701141357422,72.40531921386719,-382.6256141270278,-240.53412945359014,144.82897010948363,5.679006576538086,-33.08156967163086,-20.019832611083984,0.7194150686264038,2.6218981742858887,0.0,-2.230133056640625,193.99717712402344,116.89734649658203,0.13954108953475952,0.10805296897888184,-0.10012587904930115,0.9791974425315857,1
81001,-54.729862213134766,283.5518798828125,-8.108721733093262,-21.879314422607422,236.84751892089844,72.18448638916016,-344.77874403074384,-422.92999838478863,60.62191291531781,-5.805019378662109,-76.84760284423828,-4.421017169952393,0.7262880802154541,2.628920793533325,0.0,-2.215564727783203,193.46080017089844,116.89456939697266,0.12348064035177231,0.11708687990903854,-0.08608981966972351,0.9816474318504333,1
81002,-55.82460403442383,281.2019348144531,-7.813129425048828,-22.036643981933594,236.05728149414062,72.1844711303711,-130.7050339865964,-280.56811574520543,35.291793843804044,13.346323013305664,-94.42584228515625,0.6195653676986694,0.7279490828514099,2.6334755420684814,0.0,-2.122222900390625,193.09124755859375,117.13641357421875,0.10997738689184189,0.12075214833021164,-0.07953358441591263,0.9833607077598572,1
81004,-57.09122848510742,276.3785095214844,-6.60312032699585,-22.320690155029297,234.72821044921875,72.05250549316406,-151.1304690791294,-575.5190709456801,144.3752664651838,14.856161117553711,-66.39445495605469,-7.060708045959473,0.728519082069397,2.637108325958252,0.0,-1.8912887573242188,192.82774353027344,117.68064880371094,0.08079585433006287,0.11996454000473022,-0.06655268371105194,0.9872443079948425,1
81006,-57.4201774597168,272.2786865234375,-5.582086086273193,-22.02560806274414,233.45204162597656,72.48521423339844,-39.268632689723745,-489.420718196081,121.88704527862137,55.16948699951172,-87.37818145751953,34.48967361450195,0.7300471067428589,2.6358766555786133,0.0,-1.1497650146484375,192.53370666503906,118.7918930053711,0.057814110070466995,0.11814725399017334,-0.05706607550382614,0.9896677136421204,1
81008,-55.926021575927734,269.73455810546875,-5.154289245605469,-21.055709838867188,232.64927673339844,73.16944122314453,178.50850378640462,-303.94991731410846,51.109375387586624,104.0076904296875,-36.709007263183594,51.0288200378418,0.7270682454109192,2.6276962757110596,0.0,-0.1017303466796875,192.43539428710938,120.0981216430664,0.04392092674970627,0.11068519949913025,-0.05185616761445999,0.9915294647216797,1
81010,-53.622806549072266,269.3268127441406,-4.4237589836120605,-19.746849060058594,232.42669677734375,73.60807037353516,275.13851542799966,-48.70863209920935,87.26801858118779,103.51846313476562,-21.297290802001953,10.866476058959961,0.7288176417350769,2.623460054397583,0.0,1.1822624206542969,192.72189331054688,120.98088073730469,0.04609760269522667,0.09995955228805542,-0.05250324308872223,0.992535412311554,1
81012,-50.74614334106445,271.579833984375,-4.459021091461182,-18.176231384277344,232.8349151611328,73.79561614990234,344.2082738969475,269.5861475877464,-4.219301461125724,133.2817840576172,34.136138916015625,11.76161003112793,0.7295721173286438,2.6101672649383545,0.0,2.548076629638672,193.26104736328125,121.38888549804688,0.0700668916106224,0.09222634881734848,-0.0575149767100811,0.9916031956672668,1
81013,-49.265316009521484,273.8085632324219,-4.5764360427856445,-17.434024810791016,233.212646484375,73.8309555053711,176.91612648166483,266.2688195591327,-14.02769785300552,121.38331604003906,45.649147033691406,4.868647575378418,0.7292134165763855,2.6016480922698975,0.0,3.2059268951416016,193.72940063476562,121.51675415039062,0.09154977649450302,0.08923155069351196,-0.06173603609204292,0.9898712038993835,1
81015,-46.04951095581055,278.5247802734375,-6.039018154144287,-15.976394653320312,234.34274291992188,74.18365478515625,384.08374149003066,563.2873437716626,-174.68534322961204,108.21737670898438,77.20813751220703,14.48376750946045,0.7304012775421143,2.5936472415924072,0.0,4.455360412597656,194.3866729736328,121.62120819091797,0.1282995343208313,0.07886239141225815,-0.06838647276163101,0.9862267971038818,1
81017,-43.551143646240234,282.25518798828125,-7.970897674560547,-14.560005187988281,235.76455688476562,74.54866790771484,298.2413014299236,445.31548562832177,-230.61711549285974,118.91450500488281,88.1329116821289,26.488794326782227,0.7309516668319702,2.602238655090332,0.0,5.594921112060547,195.04156494140625,121.47930145263672,0.14927199482917786,0.07608774304389954,-0.07268144190311432,0.9831815361976624,1
81019,-42.894466400146484,286.4800720214844,-10.091225624084473,-13.437271118164062,236.77198791503906,75.1793441772461,78.41546563711017,504.5039259348996,-253.19364186034363,92.56179809570312,60.6387825012207,38.5491828918457,0.7362593412399292,2.6111488342285156,0.0,6.369529724121094,194.85125732421875,121.19693756103516,0.1796768754720688,0.08072704076766968,-0.06936320662498474,0.9779509902000427,1
81021,-42.54677200317383,287.57000732421875,-11.611212730407715,-12.825481414794922,237.58737182617188,75.83700561523438,41.53889617428649,130.2140896464698,-181.5921888461744,58.11869812011719,37.405670166015625,33.49192428588867,0.7427178025245667,2.6248888969421387,0.0,6.644086837768555,194.6055450439453,120.9378433227539,0.17686209082603455,0.084496408700943,-0.06963048875331879,0.9781266450881958,1
81023,-43.3350944519043,286.761474609375,-11.818612098693848,-12.905830383300781,237.7761993408203,76.13593292236328,-94.1380431772559,-96.55146538419649,-24.766731834286475,9.529422760009766,2.9732577800750732,13.701748847961426,0.7466205358505249,2.640468120574951,0.0,6.411640167236328,194.280517578125,120.74112701416016,0.1627744883298874,0.08893230557441711,-0.062663234770298,0.9806471467018127,1
81024,-43.73898696899414,285.6690979003906,-11.437003135681152,-13.120712280273438,237.6313018798828,76.19751739501953,-48.220215847250074,-130.41747114621103,45.559810561244376,6.636993408203125,-16.97730827331543,7.946051120758057,0.7466275095939636,2.6474316120147705,0.0,6.163419723510742,194.06446838378906,120.70641326904297,0.15254567563533783,0.08762449026107788,-0.05900779739022255,0.9826341271400452,1
81026,-43.36075210571289,281.2193298339844,-9.29900074005127,-13.416053771972656,236.0106964111328,75.92164611816406,45.07386705186218,-530.2743710530922,254.7835884327942,27.432479858398438,-124.50213623046875,-21.348602294921875,0.7411243319511414,2.6504952907562256,0.0,6.011560440063477,192.989501953125,120.79508972167969,0.13325777649879456,0.07251208275556564,-0.04940306767821312,0.987189769744873,1
81028,-41.5031852722168,274.23699951171875,-6.736896514892578,-13.03903579711914,233.49517822265625,75.58366394042969,221.79314262320986,-833.6889726298396,305.9147792581134,61.56890869140625,-162.39952087402344,-21.29853630065918,0.7353268265724182,2.643188953399658,0.0,6.385215759277344,191.78689575195312,121.71492767333984,0.09576667845249176,0.053564783185720444,-0.03831283748149872,0.9932228922843933,1
81030,-38.709659576416016,266.4302062988281,-3.4233272075653076,-12.077690124511719,231.239990234375,75.33139038085938,333.435868143104,-931.8206294886768,395.5083929608518,95.83448791503906,-129.61422729492188,-22.94084358215332,0.7304419279098511,2.62852144241333,0.0,7.167881011962891,191.21607971191406,123.0641860961914,0.05244351923465729,0.03708428144454956,-0.030218662694096565,0.9974774718284607,1
81032,-35.18649673461914,259.7778625488281,-0.29510802030563354,-10.616477966308594,228.77732849121094,74.91500091552734,420.7542976050172,-794.4572384655476,373.5880871798395,139.0374755859375,-144.81719970703125,-12.325275421142578,0.7246912717819214,2.600024938583374,0.0,8.174463272094727,191.0651397705078,124.72724914550781,0.02766430750489235,0.022808045148849487,-0.023106198757886887,0.9990898966789246,1
81034,-31.811702728271484,256.1595458984375,2.0937602519989014,-9.099334716796875,227.38336181640625,74.15087127685547,403.07278801628854,-432.1582228294574,285.3175017231706,127.90689086914062,-89.93153381347656,-34.48874282836914,0.7223237752914429,2.584505796432495,0.0,8.985261917114258,191.8822784423828,125.8356704711914,0.017443843185901642,0.011114537715911865,-0.016099348664283752,0.9996564388275146,1
81036,-28.805591583251953,255.31089782714844,3.0678889751434326,-7.310901641845703,226.69305419921875,73.86911010742188,362.98383836529683,-102.47310211672448,117.6247204215033,144.753662109375,-23.43825340270996,3.9148659706115723,0.7215633988380432,2.580061435699463,0.0,10.146684646606445,192.24673461914062,126.51789093017578,0.02006370760500431,0.005843758583068848,-0.016218097880482674,0.9996500611305237,1
81037,-27.596637725830078,256.37127685546875,3.253586769104004,-6.316616058349609,226.89170837402344,73.963134765625,144.33929697261192,126.60066596639808,22.17081228128336,151.20208740234375,24.03528594970703,11.875297546386719,0.7199347615242004,2.5750057697296143,0.0,10.833248138427734,192.66470336914062,126.90007019042969,0.03259032219648361,0.0071221888065338135,-0.016297850757837296,0.9993105530738831,1
81039,-25.39000701904297,260.2956848144531,3.0442967414855957,-4.542949676513672,228.11880493164062,74.4355697631836,263.12571157104685,467.9589718056377,-24.956413083727966,132.1044921875,85.93753814697266,31.496719360351562,0.7231163382530212,2.571324110031128,0.0,12.048118591308594,194.08746337890625,127.67577362060547,0.06355857849121094,0.0068578715436160564,-0.014120866544544697,0.9978546500205994,1
81041,-23.226421356201172,265.65179443359375,2.082474708557129,-3.091400146484375,230.16163635253906,74.88494873046875,257.7674816737999,638.1216661795042,-114.59053713671892,112.436279296875,143.95523071289062,27.684356689453125,0.727472186088562,2.5815155506134033,0.0,13.17440414428711,195.56678771972656,127.85115051269531,0.09325792640447617,0.0011231302050873637,-0.014824691228568554,0.9955309629440308,1
81043,-21.316814422607422,274.08758544921875,-0.5491678714752197,-2.3509788513183594,233.78549194335938,75.2264404296875,227.59909102600068,1005.4311876781285,-313.6558883316793,63.77665710449219,239.6917724609375,17.478099822998047,0.728097140789032,2.5898489952087402,0.0,13.785699844360352,197.6461639404297,127.18128204345703,0.13671638071537018,-0.008374928496778011,-0.01586223766207695,0.9904478192329407,1
81045,-19.58245849609375,283.5402526855469,-4.419028282165527,-1.6961936950683594,238.16552734375,75.8360595703125,206.71430122022866,1126.6438869631384,-461.2406706065867,79.99620056152344,268.1397399902344,38.40616226196289,0.7320438027381897,2.604279041290283,0.0,14.42024040222168,200.03408813476562,126.18939971923828,0.1828877031803131,-0.017003536224365234,-0.027784325182437897,0.9825940132141113,1
81047,-18.467571258544922,291.5732727050781,-8.033145904541016,-0.8177032470703125,242.90414428710938,76.79447174072266,132.97443435739842,958.1115087722428,-431.0617525706839,79.33192443847656,281.7364501953125,75.34651184082031,0.7347738146781921,2.614384651184082,0.0,15.22062873840332,202.84814453125,125.63423156738281,0.2105804830789566,-0.01649722270667553,-0.03457037732005119,0.9768257737159729,1
81048,-17.94353485107422,294.9062805175781,-9.62818717956543,-0.4107627868652344,245.11245727539062,77.54049682617188,62.55740187500487,397.88134222477674,-190.40974372472556,80.74655151367188,263.71844482421875,89.62535095214844,0.7356237173080444,2.6186532974243164,0.0,15.574159622192383,204.10592651367188,125.59175109863281,0.21737153828144073,-0.017092138528823853,-0.037244945764541626,0.9752283096313477,1
81050,-17.26982879638672,301.4819641113281,-12.684694290161133,0.15839004516601562,249.53871154785156,78.32483673095703,80.44998720102012,785.229191981256,-364.989977774967,66.6937255859375,250.3686981201172,46.53615951538086,0.7378097772598267,2.6273722648620605,0.0,15.996038436889648,206.87811279296875,124.89945983886719,0.23224592208862305,-0.01683598756790161,-0.041577793657779694,0.9716221690177917,1
81052,-16.94024658203125,306.57318115234375,-15.144525527954102,0.6824607849121094,252.97674560546875,79.20062255859375,39.33692169643473,607.6565948002972,-293.59044442593586,58.66229248046875,196.0698699951172,42.34723663330078,0.7396298050880432,2.628626585006714,0.0,16.303016662597656,209.12957763671875,124.66317749023438,0.24403904378414154,-0.013794987462460995,-0.04378383234143257,0.9686782956123352,1
81054,-16.81511688232422,310.3351745605469,-16.598468780517578,0.8661365509033203,256.1451721191406,79.70098114013672,14.941850550589152,449.22303345473483,-173.61667805249454,44.0018196105957,178.26942443847656,32.597023010253906,0.7430158257484436,2.6322243213653564,0.0,16.321937561035156,211.5352325439453,124.39220428466797,0.24766753613948822,-0.013369380496442318,-0.04462450370192528,0.9677245020866394,1
81056,-16.645782470703125,312.047119140625,-17.078123092651367,1.0220260620117188,258.18853759765625,80.15351104736328,20.226010509068146,204.4818223072216,-57.291917602939066,38.207672119140625,103.4679183959961,27.97246742248535,0.7451151013374329,2.638932943344116,0.0,16.260631561279297,213.0823974609375,124.35916900634766,0.2412116974592209,-0.014519482851028442,-0.04301325976848602,0.9694101214408875,1
81058,-16.658985137939453,311.0528259277344,-15.777436256408691,1.0845413208007812,259.271240234375,80.23384857177734,-1.577086462842999,-118.77042252733372,155.36978741629719,33.96269989013672,51.5595703125,4.564582824707031,0.7464576959609985,2.6550915241241455,0.0,16.19393539428711,213.9768829345703,124.23043823242188,0.21104301512241364,-0.012889890931546688,-0.04516034200787544,0.9763479232788086,1
81060,-16.96436309814453,308.1502990722656,-14.053585052490234,1.0132408142089844,259.0827941894531,80.40438842773438,-36.47223346930696,-346.65775176603347,205.88487634614285,27.112865447998047,-25.72931671142578,6.824701309204102,0.7460787892341614,2.6646616458892822,0.0,16.09122085571289,213.8917694091797,124.49005126953125,0.17938469350337982,-0.009454785846173763,-0.046392571181058884,0.9826390147209167,1
81061,-17.241966247558594,305.14105224609375,-12.542572021484375,1.0112133026123047,258.58538818359375,80.412841796875,-33.177015895955265,-359.6422807071358,180.58477886323817,31.954484939575195,-59.330650329589844,1.633859395980835,0.7461299300193787,2.6718592643737793,0.0,16.062320709228516,213.62303161621094,124.70217895507812,0.15206490457057953,-0.006546825170516968,-0.046669263392686844,0.9872463345527649,1
81063,-17.891582489013672,296.96490478515625,-8.686776161193848,1.084421157836914,256.2168884277344,79.97903442382812,-77.60009269110742,-976.684017942287,460.5951899945285,34.021324157714844,-184.7652130126953,-31.81488609313965,0.7388937473297119,2.6744496822357178,0.0,16.113540649414062,212.36476135253906,125.3835678100586,0.09719184041023254,-0.0010952949523925781,-0.041334301233291626,0.9944063425064087,1
81065,-17.765544891357422,287.08111572265625,-5.058691501617432,1.5649127960205078,251.87916564941406,79.46426391601562,15.047868143301457,-1180.044346563518,433.1639176346471,70.69027709960938,-269.41937255859375,-16.24919891357422,0.7240376472473145,2.6522042751312256,0.0,16.53921890258789,210.57691955566406,127.29438018798828,0.05632374435663223,0.0004926621913909912,-0.03024054504930973,0.9979543685913086,1
81067,-17.16424560546875,279.5145568847656,-2.1021082401275635,2.3525562286376953,246.9240264892578,78.85726928710938,71.83886417429312,-903.9974025890697,353.2310586869444,88.91248321533203,-304.0470275878906,-33.92161560058594,0.7115346789360046,2.6191201210021973,0.0,17.22601318359375,208.47817993164062,129.1034393310547,0.04652269557118416,0.0018851161003112793,-0.02145540527999401,0.9986850023269653,1
81069,-16.151580810546875,272.87896728515625,-0.9057016372680664,3.303415298461914,243.19873046875,79.02765655517578,120.90557231241837,-792.2461234894581,142.84314588841153,93.01734924316406,-204.18453979492188,20.762704849243164,0.7013898491859436,2.59482741355896,0.0,18.00637435913086,207.0127716064453,131.077880859375,0.030094390735030174,0.0030469298362731934,-0.01991657353937626,0.999343991279602,1
81071,-15.288688659667969,267.5579528808594,-0.4646871089935303,4.18267822265625,240.65505981445312,79.44446563720703,103.05650676169898,-635.4967493643053,52.67102808715936,68.65371704101562,-133.40725708007812,15.87024974822998,0.6980526447296143,2.5905826091766357,0.0,18.781492233276367,205.88616943359375,132.5205535888672,0.010575375519692898,0.004014819860458374,-0.018111661076545715,0.9997719526290894,1
81072,-15.31290054321289,266.24713134765625,-0.5953710079193115,4.539430618286133,239.6371612548828,79.64897918701172,-2.889437781093875,-156.43298693723045,-15.595771152467933,74.72317504882812,-121.07726287841797,25.00218391418457,0.6981584429740906,2.5880520343780518,0.0,19.104040145874023,205.2366943359375,132.95083618164062,0.007999973371624947,0.008394241333007812,-0.02012590318918228,0.9997302293777466,1
81074,-15.669864654541016,265.7353820800781,-1.2718663215637207,5.000175476074219,238.4000244140625,80.19032287597656,-42.61805669381283,-61.09790482162498,-80.76698669434154,49.387081146240234,-60.511451721191406,39.16988754272461,0.6980848908424377,2.5795772075653076,0.0,19.69483184814453,204.1951141357422,133.59536743164062,0.01753923110663891,0.015315592288970947,-0.019684430211782455,0.999535083770752,1
81076,-16.07180404663086,267.3692321777344,-2.0039517879486084,5.170734405517578,237.75685119628906,80.71267700195312,-47.981306405039504,195.04000776819885,-87.39232274461392,43.084861755371094,-25.8587646484375,26.6401424407959,0.6987221240997314,2.5680747032165527,0.0,20.165367126464844,203.5703582763672,134.04896545410156,0.04208547994494438,0.018918035551905632,-0.015678999945521355,0.9988118410110474,1
81078,-16.498294830322266,271.2448425292969,-3.3328633308410645,5.260553359985352,238.41204833984375,81.02484130859375,-50.92629964411026,462.77786441054195,-158.6823209826416,35.225372314453125,63.493927001953125,25.93486976623535,0.7025519013404846,2.5670166015625,0.0,20.761520385742188,203.5207977294922,133.658447265625,0.06588506698608398,0.02190542221069336,-0.020709486678242683,0.9973717331886292,1
81080,-16.016143798828125,276.5455627441406,-6.333923816680908,5.411233901977539,240.2931671142578,81.76099395751953,57.58784448975348,633.1150023057126,-358.44495453493437,49.78280258178711,144.3532257080078,47.400569915771484,0.705237090587616,2.5717031955718994,0.0,21.380352020263672,203.94871520996094,133.1993865966797,0.08837790042161942,0.019567696377635002,-0.031879622489213943,0.9953843951225281,1
81082,-13.606712341308594,281.79083251953125,-9.290192604064941,5.899911880493164,242.25466918945312,82.54662322998047,287.73529290035367,626.3922679573298,-353.03883112152107,64.81929016113281,107.3878173828125,34.1609001159668,0.7100907564163208,2.586045742034912,0.0,21.955921173095703,204.10914611816406,132.49591064453125,0.11274722963571548,0.005700557958334684,-0.044757019728422165,0.9925987720489502,1
81083,-12.796268463134766,284.2054138183594,-10.631645202636719,6.30815315246582,242.9070281982422,82.99127960205078,96.77327005143161,288.3196904629003,-160.1798200700796,81.06466674804688,78.34812927246094,53.848758697509766,0.7126818895339966,2.591797113418579,0.0,22.356037139892578,204.05628967285156,132.343017578125,0.12601685523986816,0.004387229681015015,-0.04976702481508255,0.9907692670822144,1
81085,-11.083518981933594,285.6633605957031,-12.292219161987305,7.439552307128906,243.81863403320312,83.76131439208984,204.13366378544015,173.76506052399054,-197.9151358850213,107.60401916503906,37.821529388427734,45.79692840576172,0.7209644913673401,2.6037447452545166,0.0,23.273473739624023,204.0091552734375,132.37271118164062,0.12358706444501877,0.0028236806392669678,-0.055645644664764404,0.990768313407898,1
81087,-9.008903503417969,285.3567199707031,-12.93868637084961,8.705825805664062,244.2861785888672,84.57969665527344,247.39034582837485,-36.565778598189354,-77.0888620196638,104.44955444335938,24.03302574157715,41.569950103759766,0.7236924171447754,2.6121888160705566,0.0,24.233304977416992,203.9197540283203,132.83193969726562,0.1093989685177803,-0.000876009464263916,-0.05898626148700714,0.9922457933425903,1
81089,-6.509880065917969,284.71856689453125,-12.717845916748047,9.89114761352539,244.7169647216797,84.88545227050781,297.8573893904686,-76.06115510873497,26.32186643127352,100.46249389648438,27.123207092285156,10.02413558959961,0.7238158583641052,2.6224966049194336,0.0,24.853878021240234,204.0357208251953,132.9658966064453,0.09679305553436279,-0.009875655174255371,-0.06361796706914902,0.9932202100753784,1
81090,-4.947818756103516,284.53253173828125,-11.75918960571289,10.452688217163086,244.8756103515625,84.7880859375,186.20598608235014,-22.17637649551034,114.27691255701939,99.26263427734375,19.20771026611328,-11.007013320922852,0.7226812243461609,2.6273255348205566,0.0,25.00859832763672,204.20033264160156,132.9779052734375,0.09437204152345657,-0.015802321955561638,-0.06466091424226761,0.9933091998100281,1
81092,-1.7927131652832031,282.3916320800781,-10.436716079711914,11.860845565795898,244.8033905029297,84.4361343383789,376.03058844443876,-255.15588467684574,157.61453424290812,128.2256622314453,-16.921586990356445,-6.093717098236084,0.7212076187133789,2.6272993087768555,0.0,25.49456024169922,204.63436889648438,133.24038696289062,0.07279704511165619,-0.02263462357223034,-0.07523747533559799,0.9942472577095032,1
81094,0.9995670318603516,280.40447998046875,-8.547419548034668,13.152843475341797,244.19464111328125,83.88172912597656,333.3933174091362,-237.26244642748497,225.57866467333952,106.02841186523438,-34.857200622558594,-43.348304748535156,0.7158274054527283,2.6218605041503906,0.0,25.72561264038086,204.576904296875,133.44171142578125,0.06043626368045807,-0.02796626091003418,-0.08139322698116302,0.9944548606872559,1
81096,3.082183837890625,279.63360595703125,-6.832855224609375,13.91971206665039,243.79257202148438,83.0921401977539,248.6079958268092,-92.02146330848336,204.6725057286967,71.58074951171875,-33.62509536743164,-47.44917297363281,0.710253119468689,2.617949962615967,0.0,25.65349769592285,204.6975860595703,133.2821807861328,0.06014319881796837,-0.03332802653312683,-0.08604568243026733,0.9939155578613281,1
81098,3.7739086151123047,279.47198486328125,-5.725461006164551,13.799686431884766,243.1530303955078,82.08472442626953,82.55238503371947,-19.28831697255373,132.1595480103424,5.265100479125977,-47.40489196777344,-59.725181579589844,0.7072986364364624,2.616297960281372,0.0,25.36798095703125,204.23338317871094,132.45797729492188,0.07070016115903854,-0.038424134254455566,-0.08787079155445099,0.9928765296936035,1
81100,1.7974090576171875,281.4644470214844,-5.677490711212158,12.834737777709961,242.82772827148438,81.58323669433594,-236.04691888998786,237.95328041701578,5.728936431489274,-37.708126068115234,-15.998448371887207,-29.76676368713379,0.7029017210006714,2.616060495376587,0.0,24.540748596191406,203.7929229736328,131.88787841796875,0.09281893819570541,-0.028523115441203117,-0.08436300605535507,0.9916924834251404,1
81102,-2.1724929809570312,282.7620849609375,-6.433735370635986,10.907209396362305,242.65682983398438,81.27473449707031,-474.1691374766524,154.99119538185187,-90.32663133650203,-98.59942626953125,-10.863923072814941,-17.83003807067871,0.6991952657699585,2.6168150901794434,0.0,23.281951904296875,203.34548950195312,131.27105712890625,0.10983911901712418,-0.023882029578089714,-0.07050670683383942,0.9911578297615051,1
81104,-7.232231140136719,280.09820556640625,-7.469788551330566,8.641721725463867,241.29684448242188,81.63522338867188,-604.4044300011592,-318.21024258388206,-123.76038293454258,-99.61039733886719,-94.3653335571289,27.898435592651367,0.6965305209159851,2.6206159591674805,0.0,22.348712921142578,201.6408233642578,130.92005920410156,0.08884282410144806,-0.008528619073331356,-0.06179428473114967,0.9940903782844543,1
81105,-10.605491638183594,279.2123107910156,-8.110442161560059,7.444057464599609,240.5065460205078,81.87538146972656,-402.686549249338,-105.75462829112075,-76.47870412522752,-110.24617004394531,-93.73533630371094,29.184961318969727,0.7015395760536194,2.6225104331970215,0.0,21.81521987915039,200.796630859375,130.91822814941406,0.08955486863851547,0.0009906589984893799,-0.052942387759685516,0.9945732951164246,1
81107,-16.378093719482422,278.46539306640625,-8.56430435180664,4.364973068237305,239.13955688476562,81.8572769165039,-689.8425083037,-89.2588107381016,-54.23783370730234,-156.27474975585938,-74.84772491455078,-0.19843792915344238,0.70657879114151,2.6251156330108643,0.0,20.69062042236328,199.66726684570312,130.38943481445312,0.10091127455234528,0.01054647471755743,-0.03955591842532158,0.9940528273582458,1
81109,-19.181976318359375,275.74798583984375,-9.595426559448242,2.7584228515625,237.35421752929688,82.6430435180664,-334.7430916673038,-324.419180996716,-123.10110124119092,-41.01619338989258,-112.44808959960938,25.456504821777344,0.7076877951622009,2.6164755821228027,0.0,20.28565216064453,198.22303771972656,130.979248046875,0.09533897787332535,0.01610267162322998,-0.035100556910037994,0.9946954846382141,1
81111,-18.91461944580078,273.66302490234375,-9.352668762207031,2.1606597900390625,236.2689208984375,82.80583190917969,31.92278426955454,-248.94725009799004,28.985620294406544,18.42217445373535,-64.5770263671875,1.2809085845947266,0.7139195799827576,2.6005029678344727,0.0,20.02407455444336,197.54995727539062,131.23544311523438,0.08884649723768234,0.006399064790457487,-0.03463444858789444,0.9954224228858948,1
81113,-16.382678985595703,272.3705139160156,-8.79394245147705,2.914316177368164,235.1929473876953,82.62065887451172,302.34933499555336,-154.34400742547587,66.71978711539123,97.90426635742188,-68.562255859375,-26.77029037475586,0.7153580188751221,2.5978050231933594,0.0,20.65640640258789,197.02987670898438,131.4640655517578,0.092044897377491,-0.004897594451904297,-0.033527202904224396,0.99517822265625,1
81115,-11.891925811767578,270.1520080566406,-8.038217544555664,5.19752311706543,234.0010223388672,82.22457885742188,536.3943454725668,-264.9876206293702,90.2669443441846,199.47476196289062,-65.20668029785156,-20.371835708618164,0.7117007970809937,2.608644962310791,0.0,22.2042236328125,196.29208374023438,131.71580505371094,0.08620475232601166,-0.014635145664215088,-0.035533878952264786,0.9955359697341919,1
81116,-9.044734954833984,269.3448181152344,-7.146937370300293,6.729335784912109,233.62025451660156,81.84679412841797,340.0668537276215,-96.41030669445172,106.45399619443197,215.2969970703125,-45.253536224365234,-44.536746978759766,0.710489809513092,2.6091747283935547,0.0,23.233869552612305,196.16021728515625,131.66909790039062,0.08156760782003403,-0.020532069727778435,-0.040068987756967545,0.9956503510475159,1
81118,-2.9503402709960938,269.07598876953125,-5.483026504516602,10.251415252685547,233.34254455566406,80.93509674072266,727.688914697268,-32.09902623016387,198.67592351479107,250.43296813964844,-21.066720962524414,-53.88459014892578,0.706879198551178,2.60595440864563,0.0,25.575498580932617,196.3115692138672,131.40664672851562,0.08115142583847046,-0.03365129232406616,-0.05209430307149887,0.9947704076766968,1
81120,3.328033447265625,267.5378112792969,-3.6677348613739014,14.476034164428711,232.74415588378906,80.24833679199219,749.6963655728032,-183.67273529455997,216.76274914319038,288.310791015625,-34.36127853393555,-48.89522933959961,0.7072262167930603,2.602094888687134,0.0,28.275421142578125,196.36965942382812,131.7560272216797,0.07781169563531876,-0.03901758790016174,-0.05646337941288948,0.9946028590202332,1
81122,8.69120979309082,266.26617431640625,-2.982027053833008,18.73196792602539,232.73751831054688,79.9529037475586,640.3367900660669,-151.82717823190615,81.87012846328798,277.5440979003906,5.684839725494385,-20.372377395629883,0.7106487154960632,2.5967047214508057,0.0,30.81926918029785,196.79400634765625,132.18246459960938,0.060740191489458084,-0.035855621099472046,-0.06757384538650513,0.9952179789543152,1
81124,13.253805160522461,268.43634033203125,-3.3305392265319824,22.215560913085938,233.1612548828125,79.83733367919922,544.7441314199823,259.1036692969501,-41.610080561025825,231.44834899902344,24.92762565612793,-10.537026405334473,0.7082983255386353,2.5812320709228516,0.0,33.26095962524414,197.1157684326172,132.27651977539062,0.08127928525209427,-0.04095965623855591,-0.07148227095603943,0.9932805299758911,1
81126,16.742897033691406,268.76654052734375,-2.8024098873138428,24.69390106201172,233.7422637939453,79.3812255859375,416.613520155719,39.42741284146905,63.061057463455654,169.8953399658203,38.31390380859375,-14.952188491821289,0.7074117660522461,2.5828123092651367,0.0,35.051570892333984,197.57992553710938,131.78927612304688,0.07857047766447067,-0.04869287833571434,-0.07261867821216583,0.9930670857429504,1
81128,19.712976455688477,268.9797668457031,-2.655719041824341,26.615339279174805,233.9462127685547,79.45562744140625,354.6928160323296,25.4639127664268,17.518113720288966,131.5850830078125,7.943291664123535,5.506025791168213,0.7040477991104126,2.5886974334716797,0.0,36.65115737915039,197.77420043945312,131.92123413085938,0.0830843597650528,-0.05584501847624779,-0.0710998922586441,0.9924329519271851,1
81129,20.79313087463379,269.4465026855469,-2.9382643699645996,27.337265014648438,234.2289276123047,79.68862915039062,128.92405934876297,55.70821917755529,-33.723780614107454,118.22248840332031,33.947120666503906,28.387069702148438,0.6994158029556274,2.591214418411255,0.0,37.29182052612305,198.0380859375,132.18077087402344,0.08726053684949875,-0.05619213357567787,-0.07090622931718826,0.9920687079429626,1
81131,21.665054321289062,271.5675964355469,-4.426708221435547,28.15155792236328,234.9980926513672,80.63223266601562,103.92825638543582,252.82216680049896,-177.41394018522988,72.69844055175781,36.43346405029297,56.942543029785156,0.6966990828514099,2.5896685123443604,0.0,38.0709228515625,198.70631408691406,133.1223907470703,0.10411778837442398,-0.05535563454031944,-0.0685550644993782,0.9906540513038635,1
81133,21.817903518676758,273.0501708984375,-5.819433689117432,28.488380432128906,235.8553009033203,81.73523712158203,18.21729739922739,176.7003057168331,-165.99167332154684,43.673133850097656,56.10114288330078,71.74354553222656,0.699191689491272,2.5955002307891846,0.0,38.51274871826172,199.18460083007812,133.96372985839844,0.10772351175546646,-0.05443405732512474,-0.06668341159820557,0.9904473423957825,1
81135,21.09832000732422,276.1214294433594,-8.134592056274414,28.691144943237305,237.05519104003906,83.20155334472656,-85.82363596609503,366.304356837878,-276.1254333541765,48.95082473754883,76.9913330078125,96.65135192871094,0.700492262840271,2.5961766242980957,0.0,38.80880355834961,199.72007751464844,134.92787170410156,0.12167739123106003,-0.04869070276618004,-0.0634106770157814,0.9893447160720825,1
81137,20.537548065185547,279.34161376953125,-10.83382511138916,29.043954849243164,238.86871337890625,84.85025024414062,-66.85318657482276,383.8986357660033,-321.7927244260936,50.47441101074219,127.59320831298828,96.92894744873047,0.7004377245903015,2.6009552478790283,0.0,39.31916809082031,200.54269409179688,135.7181854248047,0.12911759316921234,-0.0435715913772583,-0.06352750211954117,0.9886326193809509,1
81139,20.510482788085938,282.53369140625,-13.728378295898438,29.29943084716797,240.7510223388672,86.59163665771484,-3.2271793349354994,380.61339430650696,-345.1375053926531,45.22353744506836,108.4486083984375,86.38817596435547,0.7034047245979309,2.60365629196167,0.0,39.889888763427734,201.5393829345703,136.59434509277344,0.13853488862514496,-0.04256027564406395,-0.06437864154577255,0.9873459935188293,1
81140,20.60214614868164,283.67791748046875,-15.180806159973145,29.452226638793945,241.6218719482422,87.40768432617188,10.942846565099899,136.598639681004,-173.392020106563,50.39788055419922,103.99510955810547,97.82708740234375,0.7066293358802795,2.609081268310547,0.0,40.171348571777344,201.88975524902344,136.91903686523438,0.13904154300689697,-0.04386070370674133,-0.0661131739616394,0.9871032238006592,1
81142,20.603710174560547,286.7001953125,-17.395885467529297,29.742515563964844,243.62588500976562,88.89385223388672,0.18677165993722156,360.912089175079,-264.5186660556865,47.85601043701172,129.375732421875,85.63420104980469,0.7072546482086182,2.6198298931121826,0.0,40.64609146118164,202.9293975830078,137.52145385742188,0.145392045378685,-0.0423121452331543,-0.06546856462955475,0.9862985014915466,1
81144,19.89950942993164,289.75421142578125,-18.992820739746094,29.74317169189453,245.2645263671875,89.5943374633789,-84.01345046691131,364.3541041603312,-190.51959745079512,30.72022247314453,85.91287231445312,29.05968475341797,0.7073967456817627,2.6313157081604004,0.0,40.97906494140625,203.74949645996094,137.31893920898438,0.15647991001605988,-0.03888288140296936,-0.06403931975364685,0.9848355650901794,1
81146,18.74606704711914,290.6046142578125,-20.028240203857422,29.682430267333984,245.99029541015625,90.04881286621094,-137.68792521581054,101.5136978533119,-123.59937511046883,22.78076934814453,32.22602462768555,27.79800796508789,0.7113479375839233,2.639310121536255,0.0,41.320884704589844,203.9322967529297,137.08221435546875,0.15518392622470856,-0.03483247756958008,-0.061902035027742386,0.9853287935256958,1
81148,16.39853286743164,290.9978942871094,-19.986112594604492,29.385194778442383,246.41566467285156,89.9091796875,-280.27656393591315,46.95444957935251,5.029695273624384,15.064292907714844,6.795711994171143,-19.130807876586914,0.7121990919113159,2.6450085639953613,0.0,41.601318359375,204.0701141357422,136.47975158691406,0.15159177780151367,-0.02166616916656494,-0.05594544857740402,0.9866207838058472,1
81150,14.394990921020508,290.4126892089844,-19.567258834838867,29.13406753540039,246.17318725585938,89.6098403930664,-239.29556492294068,-69.89470822736621,50.026328244712204,19.335803985595703,-33.357662200927734,-22.690732955932617,0.7123984098434448,2.6446566581726074,0.0,42.08088302612305,203.8918914794922,136.0490264892578,0.14790351688861847,-0.012461364269256592,-0.04835048317909241,0.9877405762672424,1
81151,13.600248336791992,289.4549560546875,-18.930328369140625,29.226760864257812,245.8032989501953,89.2763671875,-94.9173015676788,-114.38351037399843,76.06956301329774,43.26618194580078,-43.91346740722656,-39.2008171081543,0.7139032483100891,2.6453609466552734,0.0,42.429771423339844,203.65443420410156,135.74356079101562,0.14047904312610626,-0.0076933205127716064,-0.04547881335020065,0.9890086650848389,1
81153,13.102392196655273,286.4742736816406,-17.44441032409668,30.175331115722656,244.9857940673828,88.9085464477539,-59.47470309154596,-356.0771573460661,177.51018300806754,94.79554748535156,-45.75316619873047,-13.73944091796875,0.7158095240592957,2.640016794204712,0.0,43.44960403442383,203.2511749267578,135.65956115722656,0.11669226735830307,0.000979304313659668,-0.04054587706923485,0.9923396706581116,1
81155,14.489715576171875,281.5783996582031,-15.817794799804688,31.58635139465332,243.8518829345703,88.27064514160156,165.66813289672427,-584.6440133107826,194.2433615904156,118.57771301269531,-86.00045776367188,-55.58586502075195,0.7162584066390991,2.6281919479370117,0.0,44.78972244262695,203.10020446777344,135.79356384277344,0.08523694425821304,-0.005562662612646818,-0.035538893193006516,0.9957111477851868,1
81157,17.993175506591797,278.2349853515625,-14.04515266418457,33.799774169921875,242.119140625,87.6612319946289,418.3069198454905,-399.1977554059122,211.65033608667727,174.123779296875,-85.71061706542969,-38.6011848449707,0.7093000411987305,2.605541944503784,0.0,46.56378936767578,202.7110595703125,136.41680908203125,0.07693710178136826,-0.013520091772079468,-0.03419880568981171,0.9963575601577759,1
81159,22.084924697875977,277.26080322265625,-12.935541152954102,36.50538635253906,241.6891632080078,87.30757904052734,488.4763474970532,-116.29865514207631,132.46632498910185,196.15060424804688,-8.103148460388184,-12.935564041137695,0.7045759558677673,2.5853264331817627,0.0,48.497276306152344,203.19760131835938,136.94802856445312,0.07391464710235596,-0.017690688371658325,-0.03755689784884453,0.9964001178741455,1
81161,25.968399047851562,277.824951171875,-12.958513259887695,39.17995834350586,242.44956970214844,87.71467590332031,463.9692627273471,67.40029274811968,-2.7445402123848908,198.92071533203125,54.922542572021484,40.44202423095703,0.6999585032463074,2.5687053203582764,0.0,50.435874938964844,204.14959716796875,137.62649536132812,0.06912717968225479,-0.021705269813537598,-0.04485402628779411,0.9963626265525818,1
81162,28.32391929626465,279.25946044921875,-13.54779052734375,40.396881103515625,242.9503173828125,88.10106658935547,281.35319243517006,171.34378913976252,-70.3857419777778,178.1814422607422,60.328041076660156,46.97397994995117,0.6969915628433228,2.55916428565979,0.0,51.248226165771484,204.58457946777344,138.03321838378906,0.08053620159626007,-0.029720962047576904,-0.04676371440291405,0.9952104091644287,1
81164,32.12855529785156,282.0021667480469,-15.02821159362793,42.63425064086914,244.0662078857422,88.88558197021484,454.2969402125891,327.4960019669961,-176.7713811146823,157.6884765625,76.4870376586914,52.74540710449219,0.6914650201797485,2.5560669898986816,0.0,52.69740295410156,205.3305206298828,138.7445831298828,0.09743019938468933,-0.037851061671972275,-0.0505233034491539,0.9932381510734558,1
81166,34.044532775878906,284.4061279296875,-17.081884384155273,44.170372009277344,245.61398315429688,90.14683532714844,228.75521562539507,287.01728739915416,-245.19513794325758,111.5994873046875,95.7098159790039,80.04631042480469,0.6860316395759583,2.55794620513916,0.0,53.587066650390625,206.10659790039062,139.55987548828125,0.10229337215423584,-0.03933712840080261,-0.04918679594993591,0.9927584528923035,1
81168,35.087791442871094,288.10675048828125,-18.793373107910156,44.90937423706055,247.70462036132812,91.03593444824219,124.58473030885216,441.9240194442682,-204.38398244070413,66.06707763671875,133.45298767089844,42.54973220825195,0.6812118887901306,2.567364454269409,0.0,53.93825912475586,207.06634521484375,139.58314514160156,0.11201393604278564,-0.04141625761985779,-0.05070219188928604,0.991547703742981,1
81170,34.30859375,291.2602233886719,-21.107397079467773,44.5265998840332,249.57046508789062,91.96720886230469,-93.08175482606748,376.70900985761546,-276.4297352941503,-5.164493560791016,106.92559814453125,69.7412338256836,0.6803098917007446,2.5795812606811523,0.0,53.68117141723633,208.02708435058594,139.6205596923828,0.12547273933887482,-0.04354363679885864,-0.044023677706718445,0.9901628494262695,1
81172,30.247955322265625,291.8352966308594,-22.85717010498047,43.12195587158203,250.1655731201172,92.90132904052734,-484.56305450527,68.6244913842529,-208.80346207195544,-71.75697326660156,22.925079345703125,41.720542907714844,0.6827666759490967,2.592556953430176,0.0,53.16264343261719,207.7964324951172,139.46702575683594,0.12055408954620361,-0.03288227319717407,-0.03436180576682091,0.9915668368339539,1
81173,28.168550491333008,292.6797180175781,-23.685087203979492,42.044822692871094,250.28591918945312,93.15211486816406,-248.26737575340667,100.81840659026057,-98.84790227099438,-96.72410583496094,14.663545608520508,30.638301849365234,0.6844605207443237,2.5961058139801025,0.0,52.84946060180664,207.70053100585938,139.32737731933594,0.1303754448890686,-0.0301263015717268,-0.029068296775221825,0.9905804991722107,1
81175,23.042007446289062,292.6246337890625,-24.505741119384766,40.21150588989258,250.15325927734375,93.8360595703125,-612.2301438893192,-6.578355990350246,-98.00543178850785,-71.05429077148438,-30.2753849029541,34.48507308959961,0.6964048147201538,2.6118900775909424,0.0,52.18763732910156,206.99034118652344,139.10557556152344,0.12636254727840424,-0.00776943564414978,-0.018432389944791794,0.9917824268341064,1
81177,19.57514190673828,290.4729309082031,-24.98128318786621,38.89348220825195,249.33709716796875,94.44621276855469,-413.2140193176456,-256.4604209866375,-56.67962810501922,-42.0947380065918,-47.91148376464844,37.96487808227539,0.70728999376297,2.6208078861236572,0.0,51.661800384521484,206.08016967773438,139.391357421875,0.10674432665109634,0.00444862199947238,-0.013466398231685162,0.9941853284835815,1
81179,17.51738739013672,288.3681335449219,-24.65325355529785,38.018585205078125,248.3421173095703,94.57788848876953,-245.07450933672953,-250.67721970612183,39.067683050147025,-7.383884429931641,-83.62261199951172,-1.4328975677490234,0.7100270390510559,2.6176869869232178,0.0,51.282432556152344,205.37437438964844,139.620849609375,0.09508245438337326,0.010950029827654362,-0.010935203172266483,0.995349109172821,1
81181,16.407188415527344,284.4586181640625,-23.691970825195312,38.12134552001953,246.66444396972656,94.6461181640625,-132.42754770815372,-466.3376083523035,114.66441377904266,46.424278259277344,-110.55096435546875,-5.814189910888672,0.7132426500320435,2.6130714416503906,0.0,51.543418884277344,204.4104461669922,140.18704223632812,0.07439404726028442,0.017863959074020386,-0.005574371665716171,0.997053325176239,1
81183,17.27495574951172,277.91845703125,-21.822725296020508,38.72153091430664,244.3035430908203,94.1094970703125,103.49455524119548,-780.0144591042772,222.93618012823572,82.27569580078125,-155.06539916992188,-39.04951477050781,0.7108215093612671,2.6113979816436768,0.0,52.244598388671875,203.39337158203125,140.7235107421875,0.03879491239786148,0.014178991317749023,-0.002727050334215164,0.9991428852081299,1
81185,20.867490768432617,274.25079345703125,-20.13121795654297,40.354713439941406,242.82327270507812,93.29655456542969,428.23219154798426,-437.1875575259328,201.62862468673848,146.5073699951172,-79.81672668457031,-42.45588684082031,0.7092781066894531,2.6048879623413086,0.0,53.623260498046875,203.06661987304688,140.96975708007812,0.021519046276807785,0.0030833780765533447,-0.011739819310605526,0.9996947646141052,1
81187,26.28058624267578,270.83758544921875,-18.963027954101562,42.98295211791992,241.07029724121094,92.8880615234375,646.4598108024074,-407.6229236042127,139.51128177082865,200.17637634277344,-110.79212188720703,-25.564748764038086,0.6960161328315735,2.571117639541626,0.0,55.583412170410156,202.92938232421875,142.11985778808594,0.012971632182598114,-0.011959224939346313,-0.0167937520891428,0.9997032880783081,1
81188,29.36260223388672,270.5191955566406,-18.337100982666016,44.68968963623047,240.35533142089844,92.66912078857422,368.2706250259653,-38.04446345381439,74.79212231491692,236.71905517578125,-85.41455841064453,-25.613666534423828,0.6890995502471924,2.5487916469573975,0.0,56.68352508544922,203.0389862060547,142.71237182617188,0.020151901990175247,-0.01820233464241028,-0.018436560407280922,0.9994611740112305,1
81190,35.08302688598633,268.92254638671875,-17.46588897705078,48.14059066772461,239.9019012451172,92.31140899658203,682.9995527470601,-190.63456566119567,104.01979684579419,232.02853393554688,-22.4591064453125,-21.52461051940918,0.6791506409645081,2.4973628520965576,0.0,58.85676574707031,203.38121032714844,143.23577880859375,0.010770546272397041,-0.03307875990867615,-0.02469237521290779,0.9990895986557007,1
81192,39.774593353271484,270.4494323730469,-17.643957138061523,51.634544372558594,240.18136596679688,92.80708312988281,560.0161590765929,182.25913058547303,-21.25538416186464,229.92874145507812,12.76602554321289,35.722740173339844,0.6793485879898071,2.4668829441070557,0.0,61.24980926513672,203.78822326660156,144.0493927001953,0.02299126423895359,-0.03326335549354553,-0.02875731699168682,0.9987682104110718,1
81194,45.29056930541992,274.04730224609375,-18.45790672302246,54.65559387207031,240.7123260498047,93.57353973388672,658.8862564996816,429.7674668254331,-97.22671013558283,208.8673553466797,42.73922348022461,49.281982421875,0.6729681491851807,2.431276321411133,0.0,63.15226364135742,203.8541259765625,144.64892578125,0.05308813601732254,-0.04647078737616539,-0.03528840094804764,0.9968835711479187,1
81196,49.11357879638672,277.4034118652344,-19.37047004699707,57.408203125,241.85336303710938,94.4042739868164,456.53932382221683,400.7826869946439,-108.9772452453326,195.6121063232422,83.1804428100586,53.925899505615234,0.6686294078826904,2.402754306793213,0.0,64.79183959960938,204.22962951660156,145.10643005371094,0.07077310979366302,-0.04970675706863403,-0.03751784935593605,0.9955465197563171,1
81198,51.936500549316406,278.96759033203125,-21.46917152404785,59.42057800292969,243.50587463378906,95.48466491699219,337.06976238032803,186.77005962934345,-250.59455064334907,125.81282043457031,83.8681869506836,55.205650329589844,0.6689983010292053,2.3394815921783447,0.0,66.11479187011719,205.14459228515625,145.6412811279297,0.06311247497797012,-0.05758094787597656,-0.04100586846470833,0.9954997301101685,1
81200,53.302284240722656,281.1628112792969,-23.9709415435791,60.39176559448242,245.19439697265625,96.54788208007812,163.08514082198963,262.1263671347406,-298.7306983578019,72.5604248046875,106.57911682128906,66.21224212646484,0.6700546145439148,2.246251344680786,0.0,66.75048828125,206.17071533203125,146.10707092285156,0.06453036516904831,-0.06423553824424744,-0.04140415042638779,0.9949851036071777,1
81201,53.532222747802734,282.4771728515625,-25.15028190612793,60.470489501953125,246.09939575195312,97.0965805053711,27.469192402029876,157.01785391615704,-140.88778664224083,41.62832260131836,108.68330383300781,66.35726165771484,0.6704797148704529,2.223207950592041,0.0,66.81592559814453,206.64369201660156,146.26028442382812,0.06677502393722534,-0.06872674077749252,-0.04147570580244064,0.9945338368415833,1
81203,53.3388557434082,284.7925109863281,-26.488170623779297,59.82640838623047,247.31216430664062,97.90554809570312,-23.075128207565285,276.29700563894585,-159.65471350154257,-18.36357879638672,67.43872833251953,41.69991683959961,0.6633403301239014,2.2111806869506836,0.0,66.419677734375,207.4794158935547,146.630615234375,0.08411069214344025,-0.07755427807569504,-0.0388069786131382,0.9926755428314209,1
81205,51.762550354003906,286.9723205566406,-28.210437774658203,58.657814025878906,248.41668701171875,98.65978240966797,-188.30800196755445,260.40359159745276,-205.7448310564505,-45.652164459228516,60.940635681152344,37.993961334228516,0.6555588841438293,2.29135799407959,0.0,65.71858978271484,207.739501953125,146.53286743164062,0.09090958535671234,-0.07804349064826965,-0.040941022336483,0.9919518828392029,1
81207,49.23503112792969,288.2506103515625,-29.435688018798828,57.10872268676758,249.22738647460938,99.41541290283203,-301.9616065848386,152.71671771025285,-146.38010598393157,-63.6619758605957,40.44754409790039,47.249122619628906,0.6541555523872375,2.3354644775390625,0.0,64.7315444946289,207.89306640625,146.6299285888672,0.09083162993192673,-0.07046198844909668,-0.03770864009857178,0.9926543831825256,1
81209,46.11009979248047,288.8086242675781,-30.389598846435547,55.37761688232422,249.36163330078125,100.07667541503906,-373.0568452657899,66.61615529330447,-113.87865070381667,-76.27511596679688,0.3806798458099365,27.9816951751709,0.6573944687843323,2.374868631362915,0.0,63.87383270263672,207.644775390625,146.79324340820312,0.09479130804538727,-0.06423968076705933,-0.030487097799777985,0.9929543733596802,1
81211,42.98008728027344,288.3565979003906,-30.607791900634766,53.83320617675781,249.17481994628906,100.25040435791016,-374.0305729438551,-54.01629560440779,-26.073657135944813,-62.14426803588867,-18.932270050048828,-6.907397270202637,0.6692326664924622,2.4217028617858887,0.0,63.1170654296875,207.31378173828125,146.59307861328125,0.08865617960691452,-0.05485883355140686,-0.027272552251815796,0.99417644739151,1
81212,41.2001838684082,287.2563781738281,-30.620899200439453,53.25440216064453,248.81007385253906,100.32087707519531,-212.5793647543178,-131.40264185331762,-1.5654453199822456,-36.87240219116211,-43.26858139038086,9.031036376953125,0.6735600233078003,2.445969581604004,0.0,62.92540740966797,206.91156005859375,146.5405731201172,0.07725563645362854,-0.04656466841697693,-0.02462821453809738,0.9956187605857849,1
81214,37.9854736328125,285.99542236328125,-30.0291805267334,52.2019157409668,248.0543975830078,100.06903076171875,-383.8052586436679,-150.54590788506903,70.6454771852732,-21.19524383544922,-48.97669219970703,-12.136556625366211,0.6812796592712402,2.4899704456329346,0.0,62.840816497802734,206.26625061035156,146.26605224609375,0.0743289440870285,-0.032022472470998764,-0.018507931381464005,0.9965476393699646,1
81216,36.230438232421875,284.73040771484375,-29.046419143676758,52.035369873046875,246.70703125,99.94259643554688,-209.45642929361202,-150.97441977914423,117.28862568634213,35.84322738647461,-92.30450439453125,-1.0928220748901367,0.6900133490562439,2.5283899307250977,0.0,63.1858024597168,205.36700439453125,146.46475219726562,0.07595174014568329,-0.017437634989619255,-0.017603455111384392,0.9968035817146301,1
81218,36.434444427490234,279.8447265625,-27.66997528076172,52.727081298828125,244.19361877441406,99.54872131347656,24.37123513891129,-583.6591586722061,164.43440370706958,87.90391540527344,-152.02081298828125,-28.788938522338867,0.6958328485488892,2.558363676071167,0.0,63.988624572753906,203.71304321289062,146.72537231445312,0.056252676993608475,-0.013881474733352661,-0.016461901366710663,0.998184323310852,1
81220,39.25619125366211,275.9688720703125,-26.125646591186523,54.64210510253906,242.1624298095703,99.1153564453125,336.92499288450927,-462.78859431669116,184.39745476824464,160.23455810546875,-110.87273406982422,-28.049055099487305,0.7004380226135254,2.5493369102478027,0.0,65.53932189941406,202.51402282714844,147.095947265625,0.03831756114959717,-0.014229296706616879,-0.024755576625466347,0.9988575577735901,1
81222,44.31953811645508,273.1681213378906,-25.06485366821289,57.208580017089844,240.33358764648438,98.52550506591797,604.8194714274723,-334.55116220284253,126.71227793645812,199.48477172851562,-100.94475555419922,-32.028926849365234,0.6914286613464355,2.5171422958374023,0.0,67.4580078125,201.70904541015625,147.51785278320312,0.03410657122731209,-0.03242069482803345,-0.027702931314706802,0.9985079765319824,1
81223,46.57464599609375,272.2357482910156,-24.477880477905273,58.7645263671875,239.46693420410156,98.362060546875,268.77452818097663,-111.12467302568257,69.95826838452194,215.12069702148438,-101.62704467773438,-18.593721389770508,0.6870753169059753,2.479440212249756,0.0,68.5741195678711,201.32460021972656,147.81732177734375,0.03399937227368355,-0.03553372621536255,-0.02771938592195511,0.9984052181243896,1
81225,51.27278137207031,268.90753173828125,-24.093473434448242,62.359710693359375,238.14308166503906,98.3510513305664,560.2949394206516,-396.9197868006304,45.844000627985224,270.2597351074219,-75.2003402709961,9.745464324951172,0.6855052709579468,2.375908374786377,0.0,71.15153503417969,200.60914611816406,148.4573974609375,0.005845331121236086,-0.039272040128707886,-0.03263566642999649,0.9986783266067505,1
81227,56.495574951171875,268.2625732421875,-24.49186897277832,66.26115417480469,237.565673828125,98.49634552001953,622.09029352176,-76.82142019737512,-47.45314813306322,261.8710632324219,-22.175838470458984,14.365022659301758,0.6910701990127563,2.2428877353668213,0.0,73.94453430175781,200.48016357421875,149.01885986328125,0.001294150948524475,-0.0471058189868927,-0.04142209142446518,0.9980298280715942,1
81229,61.45765686035156,269.0299072265625,-24.67657470703125,69.51008605957031,237.94508361816406,98.42833709716797,591.7651031928835,91.51027386449277,-22.027529954371857,222.64984130859375,30.589296340942383,-10.605123519897461,0.7000197768211365,2.200859785079956,0.0,76.31747436523438,200.8748321533203,148.972412109375,-0.0003665830008685589,-0.0597589910030365,-0.04835871234536171,0.9970406889915466,1
81230,63.995025634765625,270.5398864746094,-24.626197814941406,70.93232727050781,238.31871032714844,98.29238891601562,302.5239055714337,180.03091393620707,6.006306335621048,200.88917541503906,44.57249069213867,-15.502564430236816,0.7011118531227112,2.1878573894500732,0.0,77.35227966308594,201.1650848388672,148.77549743652344,0.015195767395198345,-0.06784632802009583,-0.050518374890089035,0.9963001012802124,1
81233,67.85598754882812,275.4487609863281,-26.112253189086914,73.98506927490234,240.99514770507812,98.6554946899414,462.80326427612454,588.4137679967098,-178.12951625983987,123.30247497558594,123.92401123046875,11.843680381774902,0.708210825920105,2.1390633583068848,0.0,79.728515625,203.17039489746094,148.62570190429688,0.03632268309593201,-0.07493988424539566,-0.05285043641924858,0.9951238632202148,1
81234,68.31121826171875,277.3578796386719,-26.637819290161133,74.36363220214844,242.02174377441406,98.73674774169922,54.33644236251712,227.87284047156572,-62.73169043753296,77.28520202636719,122.53026580810547,10.299125671386719,0.7074893712997437,2.149905204772949,0.0,79.97877502441406,203.8385467529297,148.41033935546875,0.04561881721019745,-0.07617101073265076,-0.05116203427314758,0.994735836982727,1
81236,68.27421569824219,280.928466796875,-27.938631057739258,74.49778747558594,244.1415252685547,99.39266967773438,-4.419506379053928,426.46322957170196,-155.36615208839066,22.29597282409668,126.8072509765625,42.91703796386719,0.6996755599975586,2.2244951725006104,0.0,80.11930847167969,205.34054565429688,148.53428649902344,0.06209411099553108,-0.07713943719863892,-0.04671837389469147,0.9939875602722168,1
81238,66.39588165283203,283.1684875488281,-29.721925735473633,73.74341583251953,246.19419860839844,100.38074493408203,-224.11813163477927,267.2736870087683,-212.77827141806483,-23.549213409423828,129.88009643554688,66.65996551513672,0.6964965462684631,2.26230525970459,0.0,79.65607452392578,206.62255859375,148.82403564453125,0.05605141818523407,-0.07198187708854675,-0.04353058338165283,0.9948778748512268,1
81240,62.729610443115234,284.56011962890625,-31.04629898071289,72.1567611694336,247.7744903564453,101.49144744873047,-437.7869691213418,166.17384683783166,-158.14251479324594,-73.20133972167969,74.65306854248047,71.15818786621094,0.6963956952095032,2.291034698486328,0.0,78.81156921386719,207.37545776367188,149.07974243164062,0.047948677092790604,-0.06025168299674988,-0.031743742525577545,0.9965254664421082,1
81242,58.74082946777344,287.5362854003906,-32.440757751464844,70.28380584716797,248.8439483642578,102.31285858154297,-476.3039418469998,355.3866450204514,-166.51358230953338,-79.18661499023438,54.28977966308594,53.59966278076172,0.691996693611145,2.354059934616089,0.0,77.84838104248047,207.76187133789062,149.18148803710938,0.07005178928375244,-0.04915660247206688,-0.017172152176499367,0.996183454990387,1
81244,54.51530075073242,288.0407409667969,-32.97416305541992,68.44772338867188,249.4129180908203,102.96611022949219,-504.7952289621462,60.26388179976493,-63.72231040667975,-72.03343200683594,25.97240447998047,40.84739685058594,0.6923105120658875,2.415731430053711,0.0,76.99715423583984,208.00184631347656,149.39720153808594,0.07129798084497452,-0.0342579185962677,-0.004263687878847122,0.9968574643135071,1
81246,51.604461669921875,287.63995361328125,-33.342185974121094,67.19529724121094,249.6531982421875,103.60884094238281,-348.56638416895294,-47.99337742733769,-44.06991060022847,-35.186763763427734,8.029163360595703,38.12504577636719,0.697795569896698,2.4786009788513184,0.0,76.18734741210938,207.86813354492188,149.6168212890625,0.061930298805236816,-0.02121061086654663,0.0019094218732789159,0.9978532195091248,1
81247,50.52729034423828,286.562255859375,-33.10029983520508,66.79741668701172,249.55715942382812,103.85208129882812,-128.63283098320244,-128.6956955906935,28.885376060876297,-15.0299072265625,-11.139809608459473,29.493247985839844,0.7011036276817322,2.5105984210968018,0.0,75.91638946533203,207.70294189453125,149.77777099609375,0.050192028284072876,-0.014434992335736752,0.0032734775450080633,0.9986299276351929,1
81249,49.49543380737305,283.38134765625,-32.29821014404297,66.56568908691406,248.7806396484375,103.81117248535156,-123.14956479182001,-379.6336475685239,95.72745130897965,28.825904846191406,-52.85941696166992,-8.809782981872559,0.7082862854003906,2.556455135345459,0.0,75.70118713378906,207.02340698242188,149.80526733398438,0.022051049396395683,-0.007503896486014128,0.003242786740884185,0.9997234344482422,1
81251,49.95519256591797,279.5101013183594,-31.062620162963867,67.0281982421875,247.53817749023438,103.34149169921875,54.85726791759953,-461.90745382383466,147.4275136005599,77.76432800292969,-87.08283996582031,-29.459232330322266,0.7117681503295898,2.5663304328918457,0.0,75.97076416015625,206.22235107421875,149.7822723388672,-0.0054564704187214375,-0.0070123071782290936,0.000604372238740325,0.9999603629112244,1
81253,51.844757080078125,275.50616455078125,-30.04886817932129,68.17008972167969,245.86260986328125,102.68721008300781,225.65556787420064,-478.15812492743134,121.06428642058745,116.12785339355469,-106.40362548828125,-35.795352935791016,0.7104222178459167,2.5487871170043945,0.0,76.63223266601562,205.3352508544922,149.99267578125,-0.02937879040837288,-0.0100785493850708,-0.0009214282035827637,0.9995171427726746,1
81255,54.093814849853516,271.8681945800781,-28.719663619995117,70.10574340820312,244.05189514160156,102.15824890136719,268.36618619566434,-434.0965090591926,158.6057784082077,150.0323028564453,-107.20272827148438,-27.249874114990234,0.7096000909805298,2.5147011280059814,0.0,77.81744384765625,204.47030639648438,150.42056274414062,-0.04644128307700157,-0.01145830750465393,0.0022766534239053726,0.9988527297973633,1
81257,57.10049819946289,268.418701171875,-27.41267967224121,72.12648010253906,242.31007385253906,101.58866119384766,359.2405094734859,-412.1477473007981,156.1593040137668,152.40692138671875,-107.50804901123047,-38.16984939575195,0.7093901634216309,2.4673991203308105,0.0,79.21861267089844,203.45782470703125,150.49545288085938,-0.06494952738285065,-0.01641744375228882,-0.005731632933020592,0.9977370500564575,1
81258,58.72380065917969,267.2154846191406,-26.871549606323242,73.1142578125,241.44598388671875,101.31597900390625,193.87345306790667,-143.70196168357506,64.62797725119162,150.52255249023438,-103.24901580810547,-32.04196548461914,0.7092825770378113,2.4394338130950928,0.0,79.99859619140625,202.93272399902344,150.51126098632812,-0.06828103214502335,-0.020765960216522217,-0.009689245373010635,0.9974029064178467,1
81260,61.56492614746094,265.92529296875,-25.662151336669922,74.89631652832031,240.0729522705078,100.71341705322266,339.3784351754002,-154.11611531837843,144.46517549180135,129.78663635253906,-80.1397476196289,-35.66682815551758,0.7045146822929382,2.4000725746154785,0.0,81.4582748413086,202.2003631591797,150.44708251953125,-0.062092360109090805,-0.026789842173457146,-0.011675870977342129,0.997642457485199,1
81262,62.425132751464844,265.09552001953125,-25.18522834777832,76.40831756591797,239.29739379882812,100.13832092285156,102.62545938498806,-98.99462489876896,56.898471365420846,114.25028991699219,-39.78028106689453,-36.371795654296875,0.7075235247612,2.369018316268921,0.0,82.80464172363281,201.67623901367188,150.07191467285156,-0.06409797817468643,-0.020716965198516846,-0.009353190660476685,0.9976847171783447,1
81264,60.81208801269531,266.0587158203125,-25.441993713378906,77.16197204589844,239.00918579101562,100.05831909179688,-192.67905058222823,115.05424986593425,-30.67075926490361,70.44835662841797,11.847323417663574,-1.9305353164672852,0.7090701460838318,2.35731840133667,0.0,83.87348937988281,201.4900665283203,150.0127716064453,-0.045385587960481644,-0.006136804819107056,0.002631142735481262,0.9989472031593323,1
81266,58.258644104003906,266.9499206542969,-25.754682540893555,77.27366638183594,239.8059539794922,100.023193359375,-304.8605175266857,106.40263762441464,-37.33251294710499,38.84642028808594,65.1762924194336,14.018842697143555,0.7129890322685242,2.382504940032959,0.0,85.16146087646484,201.8426055908203,149.4143524169922,-0.047393009066581726,0.006451129913330078,0.014622585847973824,0.9987484216690063,1
81268,55.24657440185547,271.9685974121094,-27.082059860229492,77.22509765625,240.41648864746094,100.32597351074219,-359.23072242434137,598.546200985089,-158.30799433845095,28.486183166503906,42.343345642089844,9.959259033203125,0.7078795433044434,2.424623489379883,0.0,86.83350372314453,201.9197235107422,148.9290313720703,0.007413680665194988,0.02399533987045288,0.0235455259680748,0.9994072318077087,1
81270,53.33180236816406,276.29754638671875,-29.150373458862305,77.02755737304688,241.25291442871094,100.85336303710938,-228.25399748585187,516.0404951507226,-246.55720818741247,24.17840576171875,50.1867561340332,32.976402282714844,0.7106518745422363,2.49324631690979,0.0,87.87811279296875,201.75047302246094,148.35028076171875,0.04218408465385437,0.033603936433792114,0.02452394925057888,0.9982433915138245,1
81271,52.80573272705078,277.78167724609375,-30.216934204101562,77.07257080078125,241.57464599609375,101.13729095458984,-62.73355184640968,176.98189163021743,-127.18685622538032,37.5887451171875,38.789710998535156,34.62495803833008,0.7161208987236023,2.519542932510376,0.0,88.29063415527344,201.61802673339844,148.15171813964844,0.05276167020201683,0.03849315643310547,0.023033253848552704,0.9975990653038025,1
81273,52.62303161621094,278.9569091796875,-31.8614559173584,77.61004638671875,241.77688598632812,101.86774444580078,-21.76712035195669,140.0178401893936,-195.92930710337532,73.22909545898438,2.2900311946868896,52.740386962890625,0.7200301289558411,2.5485801696777344,0.0,89.30703735351562,200.9993896484375,148.03961181640625,0.05906703323125839,0.0452839694917202,0.02184993214905262,0.996986985206604,1
81275,53.630367279052734,279.912353515625,-33.077247619628906,78.75250244140625,241.37249755859375,102.473876953125,120.03681883498211,113.85330917034298,-144.87699948476802,108.03823852539062,-35.07073974609375,27.57765769958496,0.72250896692276,2.5537047386169434,0.0,90.56462097167969,200.1427001953125,148.2084503173828,0.06926394999027252,0.04701158404350281,0.018470266833901405,0.9963188767433167,1
81277,56.28614044189453,278.5601501464844,-32.64839172363281,80.59298706054688,240.27064514160156,102.32545471191406,316.86343017572653,-161.3329797273036,51.16730305046076,147.25718688964844,-75.44680786132812,-21.9975528717041,0.722525954246521,2.552004337310791,0.0,92.15194702148438,198.9544219970703,148.02374267578125,0.06634067744016647,0.04452994465827942,0.012734612450003624,0.9967215657234192,1
81279,62.38548278808594,276.27276611328125,-31.37469482421875,82.91368865966797,238.37599182128906,101.71009826660156,728.3763320677099,-273.15672699944116,152.10339461278636,178.03147888183594,-130.58761596679688,-34.94403076171875,0.7227680683135986,2.5283191204071045,0.0,93.59603881835938,197.37890625,147.78717041015625,0.06082893908023834,0.020011872053146362,-0.008358975872397423,0.997912585735321,1
81281,68.65412902832031,272.3722229003906,-29.27418327331543,85.56610870361328,235.16355895996094,100.75152587890625,748.2667493992485,-465.59443282475695,250.7308420408226,197.519775390625,-210.33103942871094,-57.117618560791016,0.7134796380996704,2.486356019973755,0.0,94.78775024414062,195.1436004638672,148.0358123779297,0.0579264834523201,0.000530540943145752,-0.024796398356556892,0.9980127215385437,1
81283,73.90440368652344,264.41375732421875,-26.27715492248535,88.56732177734375,231.05337524414062,99.50443267822266,627.1147689102218,-950.592421461828,357.97760384052526,212.8488311767578,-257.66796875,-83.5982666015625,0.7068842649459839,2.4509482383728027,0.0,95.81344604492188,192.71432495117188,148.5693817138672,0.01884961500763893,-0.008261024951934814,-0.035875435918569565,0.9991443157196045,1
81284,76.2728271484375,260.480224609375,-24.710050582885742,89.94206237792969,229.0498504638672,98.93167114257812,282.90568168787286,-469.8563293386251,187.188958646846,196.05152893066406,-238.54063415527344,-67.64617919921875,0.7030792832374573,2.435161590576172,0.0,96.156982421875,191.37623596191406,148.71121215820312,0.0026370594277977943,-0.012417376041412354,-0.036018650978803635,0.999270498752594,1
81286,79.55447387695312,254.37779235839844,-22.4525146484375,91.92842102050781,224.97434997558594,97.77206420898438,391.95280780107714,-728.8613470798591,269.635223234116,145.88491821289062,-250.6560821533203,-76.26622772216797,0.7025494575500488,2.410083532333374,0.0,96.96858215332031,188.678466796875,148.64761352539062,-0.01529579795897007,-0.018716365098953247,-0.042635802179574966,0.9987982511520386,1
81288,81.17515563964844,249.31527709960938,-20.4127254486084,93.21723937988281,221.5142822265625,96.41266632080078,193.4834388155723,-604.3832193791168,243.51815262327727,96.03620910644531,-187.670166015625,-82.79700469970703,0.6941250562667847,2.396873950958252,0.0,97.81436157226562,186.4659881591797,148.19981384277344,-0.022858191281557083,-0.01873922348022461,-0.040755804628133774,0.9987318515777588,1
81290,80.796142578125,247.5817413330078,-19.202009201049805,93.68386840820312,219.45562744140625,95.12071990966797,-45.25348926370498,-206.98110478522722,144.5573788144975,46.242637634277344,-112.686767578125,-76.93374633789062,0.6941559910774231,2.3808579444885254,0.0,98.33230590820312,184.7290496826172,147.11634826660156,-0.019222550094127655,-0.013846933841705322,-0.03802826255559921,0.9989957809448242,1
81292,80.74217224121094,251.6794891357422,-18.895517349243164,93.6117172241211,218.63331604003906,93.94490814208984,-6.44721322262194,489.5106335694436,36.61304399007349,21.936464309692383,-40.296207427978516,-71.0722885131836,0.6982229351997375,2.385356903076172,0.0,98.64265441894531,183.75462341308594,145.6576690673828,0.03188024088740349,-0.017589718103408813,-0.039512500166893005,0.9985554814338684,1
81293,80.74778747558594,253.87904357910156,-19.414358139038086,93.65234375,218.79710388183594,93.66976928710938,0.6705735921859741,262.6716937869787,-61.96017992310226,37.025455474853516,19.725852966308594,-32.0766716003418,0.6981116533279419,2.400240898132324,0.0,99.01205444335938,183.25306701660156,144.84896850585938,0.05030767247080803,-0.018023431301116943,-0.042379505932331085,0.9976714253425598,1
81295,81.08082580566406,257.3599853515625,-20.775352478027344,93.87351989746094,219.92066955566406,93.59244537353516,39.74889661441557,415.4584687050665,-162.43782888473652,56.820552825927734,77.55538940429688,-3.8246538639068604,0.6960740089416504,2.4196372032165527,0.0,99.86123657226562,182.80458068847656,143.4225616455078,0.0666644275188446,-0.01883956789970398,-0.050647810101509094,0.9963110685348511,1
81297,82.69775390625,261.3486328125,-22.380720138549805,94.83403015136719,221.52464294433594,93.77774047851562,193.0788460818585,476.28799877129495,-191.6984034840425,103.52256774902344,103.58464050292969,16.022872924804688,0.6941000819206238,2.4402811527252197,0.0,101.08064270019531,183.18341064453125,142.5780029296875,0.08587624132633209,-0.02392292022705078,-0.058045390993356705,0.9943257570266724,1
81299,85.58228302001953,264.6085510253906,-23.66728401184082,96.60821533203125,223.44479370117188,93.90531158447266,344.5676673340495,389.40928311436437,-153.68481135446928,146.71981811523438,121.45640563964844,12.175204277038574,0.6946733593940735,2.472256660461426,0.0,102.65858459472656,184.12315368652344,141.92376708984375,0.09699204564094543,-0.027190981432795525,-0.06930270791053772,0.9924970269203186,1
81301,89.86642456054688,268.83905029296875,-25.853919982910156,98.87086486816406,225.55227661132812,94.33476257324219,511.5664480422274,505.161060456885,-261.10472455203126,172.23760986328125,120.71417999267578,27.981000900268555,0.6943245530128479,2.502086877822876,0.0,104.35462951660156,185.2405548095703,141.6503448486328,0.12309417128562927,-0.037041421979665756,-0.08116722851991653,0.988376259803772,1
81303,94.40557861328125,270.7517395019531,-27.11611557006836,101.34519958496094,227.3238525390625,94.68317413330078,542.3843045774847,228.5475651267916,-150.81996949831955,185.8234100341797,96.0392837524414,32.523136138916016,0.6978968381881714,2.5424766540527344,0.0,106.0274658203125,186.2612762451172,141.5033416748047,0.12994974851608276,-0.04766952991485596,-0.09224355220794678,0.986068844795227,1
81304,96.66123962402344,271.366455078125,-27.539413452148438,102.72514343261719,228.05007934570312,94.95433044433594,269.36840074544307,73.40861542499624,-50.549738188419724,196.67205810546875,86.8188247680664,32.940956115722656,0.7023495435714722,2.5639891624450684,0.0,106.68800354003906,186.66969299316406,141.58103942871094,0.13011685013771057,-0.04871198162436485,-0.0956135168671608,0.9856747984886169,1
81306,100.86778259277344,272.9369201660156,-27.65549087524414,105.39837646484375,229.61228942871094,95.03663635253906,502.40042585879564,187.56549851363525,-13.863485343928915,192.48648071289062,110.76405334472656,1.770200490951538,0.714322030544281,2.589642286300659,0.0,107.74540710449219,187.9237518310547,141.48709106445312,0.13237108290195465,-0.05210253223776817,-0.10678057372570038,0.9840534329414368,1
81308,104.39530944824219,273.85919189453125,-27.751514434814453,107.45315551757812,231.2307891845703,95.06239318847656,421.31462891120464,110.1526896818541,-11.468695214716718,139.49771118164062,108.53643798828125,-0.37235432863235474,0.7204627394676208,2.605665683746338,0.0,108.7076416015625,189.48683166503906,141.4513702392578,0.1270795315504074,-0.05984514579176903,-0.11486680805683136,0.9833996891975403,1
81310,106.31367492675781,274.4034118652344,-27.356971740722656,109.06884765625,232.9524688720703,95.34581756591797,229.05856372509152,64.9814887912944,47.10957523423713,125.891845703125,107.74722290039062,29.786100387573242,0.7230756282806396,2.616739511489868,0.0,109.7823486328125,191.50750732421875,141.998046875,0.11907779425382614,-0.05930790305137634,-0.11630182713270187,0.9842646718025208,1
81312,107.3477783203125,274.4372863769531,-26.75663948059082,110.03952026367188,234.1958465576172,95.49565887451172,123.47667262842879,4.044771557673812,71.68241629860131,82.11787414550781,69.7600326538086,11.672188758850098,0.7249537110328674,2.6237783432006836,0.0,110.29399108886719,193.16078186035156,142.53369140625,0.10713625699281693,-0.056335654109716415,-0.11573842167854309,0.9858766198158264,1
81314,107.60183715820312,274.2457580566406,-26.541839599609375,110.61734008789062,235.6474151611328,95.78404998779297,30.260310630546883,-22.812457599677145,25.58427479189413,65.10820007324219,108.52677154541016,26.114534378051758,0.7252212166786194,2.6298468112945557,0.0,110.60610961914062,194.8788604736328,143.05020141601562,0.08877822011709213,-0.052105844020843506,-0.1149405688047409,0.9880243539810181,1
81315,107.49835205078125,274.5662841796875,-26.72018051147461,110.77676391601562,236.61215209960938,96.12655639648438,-12.33842469798401,38.21600548597053,-21.26340655615786,51.27690887451172,115.71490478515625,41.61042785644531,0.7251972556114197,2.6310200691223145,0.0,110.63679504394531,195.82656860351562,143.38058471679688,0.08030753582715988,-0.04913610219955444,-0.11373819410800934,0.9890398979187012,1
81317,107.49026489257812,276.8741760253906,-27.677038192749023,110.74720764160156,238.7208251953125,97.1113052368164,-0.9641087462659925,275.1348073070403,-114.07157326191373,22.743127822875977,133.71713256835938,62.20977783203125,0.7198916673660278,2.6225078105926514,0.0,110.52810668945312,197.76805114746094,144.2234344482422,0.08515272289514542,-0.050247251987457275,-0.10914481431245804,0.9890964031219482,1
81319,107.65472412109375,280.79315185546875,-29.52300262451172,110.59526062011719,241.30960083007812,98.19534301757812,19.59870006539859,467.02658495050855,-219.98463422241912,27.37640953063965,180.9296875,72.77589416503906,0.7173804640769958,2.6141719818115234,0.0,110.29600524902344,199.89877319335938,144.90126037597656,0.10227558761835098,-0.053587377071380615,-0.10344653576612473,0.9879103899002075,1
81321,107.66850280761719,286.0994567871094,-31.912202835083008,110.59782409667969,244.7375030517578,99.5738296508789,1.6431017451686785,632.7743126128335,-284.9109767371119,29.836505889892578,208.2369842529297,85.02549743652344,0.7169771790504456,2.611114263534546,0.0,110.34219360351562,202.3721923828125,145.3679962158203,0.11778511852025986,-0.05515411123633385,-0.10014618188142776,0.9864357113838196,1
81323,106.59521484375,291.2239990234375,-34.5153694152832,110.43461608886719,248.2764892578125,100.83177185058594,-128.26780343521386,612.4300266038626,-311.1023979204474,23.7587890625,219.22434997558594,74.65718078613281,0.7204235196113586,2.6176629066467285,0.0,110.51045227050781,204.9355010986328,145.56910705566406,0.12801921367645264,-0.05262061581015587,-0.09957396239042282,0.9853563904762268,1
81325,104.63597106933594,296.0319519042969,-36.70926284790039,109.80738830566406,251.50352478027344,101.9426040649414,-233.87128745915834,573.9163982418831,-261.88098098605406,-10.67532730102539,182.92816162109375,67.06624603271484,0.7207918167114258,2.6299097537994385,0.0,110.35578918457031,206.86788940429688,145.24411010742188,0.13705125451087952,-0.04401019215583801,-0.09515038877725601,0.985000729560852,1
81326,103.76460266113281,298.5923156738281,-38.212913513183594,109.25270080566406,252.67677307128906,102.37186431884766,-104.01362716522999,305.62586389901116,-179.48798489038018,-34.18412399291992,140.6666717529297,51.99510955810547,0.7218111753463745,2.6297717094421387,0.0,110.13340759277344,207.4359893798828,144.94845581054688,0.15058666467666626,-0.0457918643951416,-0.09285043179988861,0.9831610321998596,1
81328,101.65380859375,301.825439453125,-39.48550796508789,108.47564697265625,254.3857879638672,102.93466186523438,-252.07524293102324,386.1060984991491,-151.97577090701088,-11.824642181396484,99.42353057861328,30.17341423034668,0.7268328070640564,2.637705087661743,0.0,109.85182189941406,208.29824829101562,144.51309204101562,0.16121119260787964,-0.03625822067260742,-0.08792479336261749,0.9823265671730042,1
81330,99.92198181152344,302.9578552246094,-40.21125793457031,107.86100769042969,255.16845703125,103.43925476074219,-206.71124216727912,135.16540636494756,-86.62568291136995,-4.995426177978516,29.254711151123047,34.09589767456055,0.7293770909309387,2.6390936374664307,0.0,109.69004821777344,208.62252807617188,144.48194885253906,0.16079537570476532,-0.028300879523158073,-0.08484161645174026,0.982927143573761,1
81332,98.62690734863281,302.32061767578125,-40.044532775878906,107.37281799316406,254.8057861328125,103.66893005371094,-154.64191180816852,-76.09109410340898,19.908274022338446,3.1400394439697266,-33.2235107421875,-0.9922325015068054,0.7332481145858765,2.640597105026245,0.0,109.52153015136719,208.15255737304688,144.5884246826172,0.15161822736263275,-0.022920310497283936,-0.08238884806632996,0.9847328066825867,1
81334,96.90812683105469,299.60504150390625,-38.779754638671875,106.9456787109375,252.97940063476562,103.32118225097656,-205.31468750792556,-324.3856137711555,151.0824246329139,14.454776763916016,-120.86128997802734,-20.18813133239746,0.7370964288711548,2.641434669494629,0.0,109.46327209472656,206.5479736328125,144.51034545898438,0.13590236008167267,-0.013577848672866821,-0.08081058412790298,0.9873276352882385,1
81335,96.10585021972656,297.5619812011719,-37.98486328125,106.90620422363281,251.60968017578125,103.26606750488281,-95.77516144746915,-243.8989590103738,94.89351554727182,27.501678466796875,-162.74400329589844,-5.936878681182861,0.7365949153900146,2.63657283782959,0.0,109.54444885253906,205.3976287841797,144.70431518554688,0.12525011599063873,-0.006866514217108488,-0.07815920561552048,0.989017903804779,1
81337,94.96459197998047,291.3840637207031,-35.62845993041992,106.7628173828125,248.0829315185547,102.65603637695312,-136.04943725082558,-736.4697728594765,280.9069311847561,25.70311737060547,-225.5614776611328,-42.84272766113281,0.7282634377479553,2.621425151824951,0.0,109.64569091796875,202.66920471191406,144.9678955078125,0.09674473106861115,-0.00014066696166992188,-0.0743124783039093,0.9925311803817749,1
81339,94.07522583007812,283.2005615234375,-33.65967559814453,107.06948852539062,244.09170532226562,102.46316528320312,-106.27757215267047,-977.9130286518484,235.26600259006955,51.35906219482422,-257.883056640625,-5.832699775695801,0.7218940258026123,2.5900626182556152,0.0,109.94622802734375,199.687255859375,145.83840942382812,0.0512571707367897,0.006946474313735962,-0.06953233480453491,0.9962377548217773,1
81341,93.41938781738281,275.38018798828125,-32.040279388427734,107.48825073242188,239.53482055664062,102.38114166259766,-78.32460250274744,-933.9617965216748,193.39922658531577,64.98487854003906,-278.4737548828125,-5.111252307891846,0.7139037847518921,2.5545873641967773,0.0,110.35800170898438,196.48306274414062,147.1593017578125,0.02238624356687069,0.012139201164245605,-0.06244786083698273,0.9977232813835144,1
81342,93.39471435546875,271.7720947265625,-31.61393165588379,107.83531188964844,237.34295654296875,102.5379638671875,-2.9442882084986195,-430.5543536064215,50.87614401341125,73.28839111328125,-259.256103515625,19.190244674682617,0.7118523716926575,2.540952444076538,0.0,110.61248779296875,194.83416748046875,147.8695831298828,0.006774266250431538,0.015001296997070312,-0.0617293044924736,0.997957170009613,1
81344,93.71133422851562,266.4875793457031,-31.386417388916016,108.58924865722656,233.39584350585938,103.20824432373047,37.81840216834098,-631.204624065198,27.175255818350706,78.74369812011719,-227.81146240234375,42.30238723754883,0.708827793598175,2.5239319801330566,0.0,110.94158935546875,191.67584228515625,149.4117889404297,-0.005115625914186239,0.01897638849914074,-0.058568745851516724,0.9980899095535278,1
81346,94.34797668457031,264.0028381347656,-31.356380462646484,109.27145385742188,230.78558349609375,103.6451187133789,76.09878514800221,-297.0046778395772,3.5903568430803716,74.6994400024414,-127.8904037475586,26.18739128112793,0.710784375667572,2.521925687789917,0.0,111.40069580078125,189.53350830078125,150.25808715820312,-0.0012977082515135407,0.01870635151863098,-0.05750506371259689,0.9981691241264343,1
81348,94.27409362792969,263.6891784667969,-31.831640243530273,109.51899719238281,229.26116943359375,104.0935287475586,-8.812854894669726,-37.41368137439713,-56.689526349378866,32.48676300048828,-92.75284576416016,27.29127311706543,0.7172985076904297,2.5198662281036377,0.0,111.5703125,188.14442443847656,150.7840118408203,0.016419192776083946,0.020130395889282227,-0.05510638654232025,0.9981424808502197,1
81350,92.96986389160156,263.49310302734375,-32.707115173339844,109.09077453613281,228.3424835205078,104.82255554199219,-155.74339114921167,-23.414167773444206,-104.54403134415043,-4.744655609130859,-45.39048767089844,41.7559814453125,0.7197390794754028,2.522365093231201,0.0,111.38340759277344,187.20375061035156,151.46368408203125,0.02527746558189392,0.022526530548930168,-0.048466410487890244,0.9982507824897766,1
81351,91.87046813964844,263.3201904296875,-33.285552978515625,108.76725769042969,228.1216583251953,105.29820251464844,-131.39141402207315,-20.66519783064723,-69.13048464199528,-6.3903961181640625,-26.081485748291016,57.35398483276367,0.7202827334403992,2.5224497318267822,0.0,111.23252868652344,186.80433654785156,151.76055908203125,0.02449857071042061,0.02551555447280407,-0.0431596040725708,0.9984418153762817,1
81353,89.0315170288086,264.53936767578125,-34.42140197753906,107.73519897460938,228.5448760986328,106.12144470214844,-338.5839503471507,145.40364805143327,-135.46560897747986,-36.64060592651367,20.9766788482666,47.16199493408203,0.7197998762130737,2.523972749710083,0.0,110.89437866210938,186.73297119140625,152.03831481933594,0.03300413489341736,0.03316137194633484,-0.02966921404004097,0.9984642267227173,1
81355,85.21231079101562,267.47662353515625,-35.61906433105469,106.02497863769531,228.9277801513672,106.56063842773438,-455.9399479686981,350.6519942395389,-142.9779061791487,-70.47618103027344,21.72173500061035,40.055912017822266,0.72052401304245,2.544503927230835,0.0,110.82514953613281,186.7537078857422,151.86111450195312,0.06950434297323227,0.04199188947677612,-0.01916952058672905,0.9965131282806396,1
81357,81.40187072753906,267.59088134765625,-36.976436614990234,104.54200744628906,229.9991455078125,107.25817108154297,-455.29200316313654,13.652141869068146,-162.18618739466183,-61.50822067260742,60.27067565917969,41.31468963623047,0.7229766845703125,2.574537754058838,0.0,110.83172607421875,187.3617401123047,151.8502655029297,0.054600879549980164,0.05261370539665222,-0.010946536436676979,0.997061014175415,1
81358,80.09033966064453,267.8910217285156,-37.75289535522461,104.05403137207031,230.4678192138672,107.7975082397461,-156.59241867193487,35.835756671149284,-92.7065741722472,-25.861827850341797,56.020263671875,64.79035186767578,0.7247815728187561,2.580592393875122,0.0,110.96981811523438,187.75640869140625,152.25729370117188,0.05417892709374428,0.055163439363241196,-0.005507181864231825,0.9969911575317383,1
81360,78.50651550292969,268.1179504394531,-38.67084503173828,103.63369750976562,231.3019561767578,108.5476303100586,-188.7602240178967,27.045372495427728,-109.40127774403663,14.850502014160156,30.15003776550293,43.56107711791992,0.7283428907394409,2.5947160720825195,0.0,111.3038330078125,188.2882537841797,152.5271453857422,0.04837854206562042,0.061973270028829575,-0.0019316560355946422,0.9969027638435364,1
81362,78.5976791381836,267.52191162109375,-39.213470458984375,104.63130187988281,232.0929718017578,109.0421142578125,10.880013883172069,-71.13484012125991,-64.76016632461688,120.17308044433594,64.27874755859375,32.722694396972656,0.7331048846244812,2.6085333824157715,0.0,112.54876708984375,189.01841735839844,152.93663024902344,0.03228841349482536,0.06790202111005783,0.0003371396742295474,0.9971693158149719,1
81364,81.7449951171875,268.32086181640625,-39.507110595703125,107.00575256347656,233.00328063964844,109.31620788574219,375.4552120139124,95.30978680588305,-35.029441124759614,177.88816833496094,40.8770866394043,-14.549771308898926,0.7314457893371582,2.6001269817352295,0.0,114.73565673828125,189.7899932861328,153.12777709960938,0.03082040324807167,0.06321245431900024,-0.004625200293958187,0.9975133538246155,1
81366,89.14329528808594,269.8490295410156,-39.75863265991211,110.71269226074219,233.9090576171875,109.33209991455078,882.0567950204713,182.1946520532947,-29.987529663339956,299.0831604003906,78.76045989990234,12.456095695495605,0.7303188443183899,2.5788071155548096,0.0,117.61434936523438,190.7689208984375,153.31106567382812,0.03351868316531181,0.04272669181227684,-0.02427753061056137,0.9982292056083679,1
81368,98.02481079101562,271.8290710449219,-39.77243423461914,115.64881896972656,235.20237731933594,109.38241577148438,1060.4372441460146,236.41345387557521,-1.6478836120222695,347.9084167480469,80.95907592773438,-0.7713072896003723,0.7271157503128052,2.565950870513916,0.0,121.18821716308594,192.24671936035156,153.7725067138672,0.03863920271396637,0.022880075499415398,-0.042735304683446884,0.9980767369270325,1
81370,106.64414978027344,273.9926452636719,-40.03480911254883,121.10244750976562,237.00596618652344,109.46119689941406,1028.8335703689372,258.25156557932496,-31.31795637367759,352.0638122558594,108.34877014160156,19.684730529785156,0.7244948148727417,2.5728561878204346,0.0,124.88587951660156,193.8944854736328,153.99205017089844,0.03597400709986687,0.00906035304069519,-0.0561717227101326,0.9977316856384277,1
81371,110.69480895996094,275.6434326171875,-40.7361946105957,123.63995361328125,237.72027587890625,109.83531951904297,482.86004019062966,196.78260068432428,-83.60886827367358,332.6012878417969,84.82209777832031,44.91216278076172,0.7225693464279175,2.5715603828430176,0.0,126.64530944824219,194.51956176757812,154.380859375,0.04805523157119751,0.0022698640823364258,-0.06002254784107208,0.9970370531082153,1
81373,117.00619506835938,278.5374755859375,-41.787967681884766,128.30050659179688,239.9384002685547,110.60612487792969,753.2985437342431,345.41989927738905,-125.53488399111666,299.2695007324219,145.71546936035156,40.34138107299805,0.7201884984970093,2.5901570320129395,0.0,129.7530517578125,196.2895050048828,154.89938354492188,0.053245048969984055,-0.00018903613090515137,-0.06719326972961426,0.9963182210922241,1
81375,121.15480041503906,280.1400146484375,-42.945465087890625,131.44305419921875,241.4275665283203,111.64247131347656,495.3492769203149,191.34540393948555,-138.2068081171019,193.28573608398438,90.5213623046875,67.64623260498047,0.7206625938415527,2.6016321182250977,0.0,131.47239685058594,197.43980407714844,155.6407928466797,0.05164653807878494,0.0012641847133636475,-0.06837243586778641,0.9963213801383972,1
81377,123.31585693359375,282.0198059082031,-44.535614013671875,133.10989379882812,243.2044219970703,112.84020233154297,257.9305173314642,224.36041257763281,-189.7904712529853,113.36018371582031,134.46481323242188,87.63599395751953,0.7227474451065063,2.6160123348236084,0.0,132.4972381591797,198.7826690673828,156.36041259765625,0.05075255036354065,-0.00010645389556884766,-0.07043640315532684,0.9962242841720581,1
81378,123.74810791015625,283.5174865722656,-45.30553436279297,133.39151000976562,244.0733642578125,113.47024536132812,51.56348651275039,178.65925332531333,-91.8442749476526,65.75939178466797,103.81648254394531,75.70646667480469,0.7241572141647339,2.615807056427002,0.0,132.68601989746094,199.51292419433594,156.79620361328125,0.058416787534952164,-0.0019068717956542969,-0.07013476639986038,0.9958237409591675,1
81380,122.48648071289062,285.75439453125,-46.39978790283203,133.03919982910156,245.6785888671875,114.37881469726562,-150.78608808852732,267.3488660361618,-130.7820654446259,-4.809024810791016,93.20929718017578,51.0406379699707,0.7252394556999207,2.6167328357696533,0.0,132.39744567871094,200.88795471191406,157.329833984375,0.06498119235038757,0.0011793075827881694,-0.06579088419675827,0.9957146048545837,1
81382,119.36370849609375,287.75494384765625,-47.1096305847168,131.47885131835938,246.99847412109375,115.04351043701172,-372.7990879244171,238.82720503676683,-84.74159689043881,-78.15579223632812,80.55632781982422,34.58552932739258,0.7279158234596252,2.6098811626434326,0.0,131.42453002929688,201.93441772460938,157.65240478515625,0.07053211331367493,0.00673523498699069,-0.054618027061223984,0.9959903359413147,1
81384,116.92262268066406,290.2508239746094,-47.59873962402344,129.54849243164062,248.3268585205078,115.35002899169922,-291.3415210819803,297.8811756754294,-58.3747488866793,-74.36538696289062,87.00297546386719,17.471601486206055,0.7279088497161865,2.612708806991577,0.0,130.6652069091797,203.1372528076172,157.6595458984375,0.08822238445281982,0.006851583253592253,-0.05195733532309532,0.9947212338447571,1
81386,114.5791015625,292.746337890625,-48.37733840942383,127.95956420898438,250.01388549804688,115.55593872070312,-279.9459810083499,298.1023238596972,-93.00773912444129,-59.39580154418945,99.3472671508789,8.920367240905762,0.7313556671142578,2.6207380294799805,0.0,130.0140380859375,204.59274291992188,157.45672607421875,0.09508959203958511,0.01038813591003418,-0.051626622676849365,0.994074821472168,1
81388,112.12605285644531,296.5148620605469,-49.07731246948242,126.6422119140625,251.48065185546875,115.60763549804688,-293.22812435997184,450.4750644469168,-83.6722402718733,-28.50180435180664,86.88982391357422,15.404217720031738,0.7331523299217224,2.6119537353515625,0.0,129.21763610839844,205.7855224609375,157.16836547851562,0.11842691898345947,0.018609313294291496,-0.04546652361750603,0.991746723651886,1
81390,111.007568359375,300.661865234375,-49.227500915527344,126.05058288574219,253.85276794433594,115.44465637207031,-133.55570348340552,495.18426735396497,-17.93366257569869,5.570987701416016,151.6541290283203,-8.229768753051758,0.7344587445259094,2.610485553741455,0.0,129.17214965820312,208.06504821777344,156.8464813232422,0.13958613574504852,0.019841909408569336,-0.044154878705739975,0.9890259504318237,1
81391,110.59983825683594,301.6720275878906,-49.26307678222656,125.89430236816406,254.86154174804688,115.32862091064453,-48.71068839286454,120.682047565002,-4.25017663964536,13.461135864257812,121.20093536376953,-13.290545463562012,0.7357010841369629,2.6120193004608154,0.0,129.16641235351562,209.00839233398438,156.63525390625,0.13884522020816803,0.0219422560185194,-0.044230617582798004,0.9890825152397156,1
81393,110.29121398925781,303.024658203125,-49.24209213256836,125.77650451660156,256.56085205078125,115.19044494628906,-36.852615360869095,161.5167082606349,2.505762843618868,23.88591766357422,88.63385009765625,-11.995122909545898,0.7356517314910889,2.615041971206665,0.0,129.33282470703125,210.68255615234375,156.44830322265625,0.13477464020252228,0.022400615736842155,-0.04352899640798569,0.989666223526001,1
81395,111.14315795898438,303.53961181640625,-49.3813362121582,126.09130859375,257.93511962890625,115.2522964477539,101.74220221862197,61.497606083750725,-16.629027033224702,57.927520751953125,78.46896362304688,11.588188171386719,0.7365069389343262,2.6192071437835693,0.0,129.77027893066406,212.07823181152344,156.52981567382812,0.12652750313282013,0.017562687397003174,-0.04707964137196541,0.9906895756721497,1
81397,113.49887084960938,303.63165283203125,-50.272369384765625,127.31411743164062,259.3359680175781,115.95016479492188,281.26049442216754,10.989243071526289,-106.38496383471647,115.05113220214844,82.51689147949219,48.29329299926758,0.7342968583106995,2.6178576946258545,0.0,130.8352813720703,213.44322204589844,157.2143096923828,0.11019580066204071,0.010735392570495605,-0.053122468292713165,0.9924311637878418,1
81399,116.02412414550781,301.4668884277344,-49.84395980834961,128.67892456054688,259.7220764160156,116.42876434326172,301.5427787171211,-258.49647431401536,51.156774772389326,120.24018859863281,16.03561019897461,24.00533103942871,0.7328166961669922,2.625824213027954,0.0,131.8700408935547,214.14671325683594,158.10989379882812,0.08464787155389786,0.006670176982879639,-0.06008153781294823,0.9945755004882812,1
81401,118.90951538085938,297.50274658203125,-49.621665954589844,130.5188446044922,259.74774169921875,117.18815612792969,344.5517544748727,-473.3680518572219,26.544662776926998,156.6732940673828,-2.4538252353668213,58.60982894897461,0.7269884943962097,2.6384072303771973,0.0,132.6788330078125,214.5387725830078,159.47357177734375,0.04071831703186035,0.004139333497732878,-0.06562935560941696,0.9970043301582336,1
81402,120.27153015136719,294.6900329589844,-48.991859436035156,131.5824737548828,259.3087158203125,117.57759094238281,162.70633519464172,-336.0068741305731,75.23671015514992,160.26902770996094,-52.604373931884766,47.51301193237305,0.7247815728187561,2.642426013946533,0.0,133.1692657470703,214.43634033203125,160.28268432617188,0.01406528428196907,0.0061820149421691895,-0.06950891017913818,0.9974629878997803,1
81404,122.58409118652344,287.6356201171875,-47.740657806396484,133.89927673339844,257.4953918457031,118.26093292236328,276.1083758203313,-842.2620819532312,149.38730028370628,171.08143615722656,-112.55347442626953,26.643369674682617,0.7176523208618164,2.653653860092163,0.0,133.860595703125,213.35520935058594,161.8953857421875,-0.043096743524074554,0.01175159215927124,-0.07049768418073654,0.9965112209320068,1
81406,124.47999572753906,282.0100402832031,-47.138099670410156,135.7707977294922,254.90792846679688,118.23200225830078,226.0467809974216,-670.7321941615082,71.84239715494914,143.05462646484375,-168.7509002685547,-6.9322686195373535,0.7166578769683838,2.660205125808716,0.020384330302476883,134.49267578125,211.951416015625,163.0733184814453,-0.07555917650461197,0.01848268322646618,-0.06919877976179123,0.9945656061172485,1
81408,125.57199096679688,275.17529296875,-46.331787109375,137.29649353027344,251.8239288330078,118.04705047607422,130.175068557146,-814.7596878118347,96.11927702411776,114.08866882324219,-202.52622985839844,-19.271427154541016,0.7185754179954529,2.6673150062561035,0.050179317593574524,135.42503356933594,210.0368194580078,163.90916442871094,-0.11605474352836609,0.024903416633605957,-0.07513716071844101,0.9900835752487183,1
81410,126.66400146484375,269.3661804199219,-45.65966033935547,138.6099090576172,248.13548278808594,117.72278594970703,130.22000241978094,-692.7247050446458,80.14973278634716,107.65550231933594,-228.30772399902344,-7.564861297607422,0.711132287979126,2.6725308895111084,0.05381942540407181,136.29360961914062,207.24160766601562,164.33372497558594,-0.13509739935398102,0.03114747814834118,-0.08223627507686615,0.9869223237037659,1
81411,127.2547607421875,267.4476318359375,-45.406227111816406,139.16859436035156,246.3714599609375,117.47949981689453,70.38807187695056,-228.59215387376025,30.19618467311375,98.96067810058594,-210.5443115234375,-28.450767517089844,0.710258424282074,2.6743485927581787,0.054352398961782455,136.69723510742188,205.88449096679688,164.4178009033203,-0.13633978366851807,0.03224053978919983,-0.08565264195203781,0.9864256978034973,1
81413,128.30145263671875,263.3334045410156,-44.900203704833984,140.12464904785156,243.3160400390625,117.13432312011719,124.73157201334834,-490.2818496990949,60.30150358309038,74.2236099243164,-185.75904846191406,-26.062015533447266,0.7135290503501892,2.68658709526062,0.049206677824258804,137.6044158935547,203.58779907226562,164.69223022460938,-0.1423526257276535,0.0332605242729187,-0.0875537097454071,0.9853749871253967,1
81415,129.3046417236328,259.9854736328125,-44.293426513671875,140.97994995117188,240.5975799560547,116.55492401123047,119.67104704817757,-399.3767500622198,72.38282666599844,86.512451171875,-152.72412109375,-32.77025604248047,0.716270923614502,2.696911096572876,0.051880884915590286,138.5104217529297,201.33172607421875,164.4903106689453,-0.14739011228084564,0.033077895641326904,-0.08963187783956528,0.9844532012939453,1
81417,130.7718963623047,259.4073486328125,-43.774051666259766,142.09341430664062,238.59164428710938,116.03118896484375,175.2806221707724,-69.0637514591217,62.04536281217588,108.69390869140625,-103.8028335571289,-25.500274658203125,0.7187470197677612,2.6939821243286133,0.015418688766658306,139.69386291503906,199.5154571533203,164.11561584472656,-0.124704509973526,0.033014386892318726,-0.08960145711898804,0.9875881671905518,1
81419,133.3799591064453,263.5800476074219,-43.69856643676758,143.82492065429688,237.63612365722656,115.8818588256836,311.4600613899529,498.31204472109675,9.014596855267882,138.00390625,-51.03989028930664,-0.7689376473426819,0.721430778503418,2.668625831604004,0.0,141.39151000976562,198.40243530273438,163.80455017089844,-0.05918494984507561,0.0270957350730896,-0.08679799735546112,0.994097113609314,1
81421,136.60159301757812,267.5989074707031,-44.18400192260742,145.5912628173828,237.1638946533203,115.8803482055664,384.95359447877854,480.2142616920173,-58.004770348314196,139.72085571289062,-19.164579391479492,2.1581969261169434,0.7242470383644104,2.6581003665924072,0.0,143.13755798339844,197.3175048828125,163.2381134033203,-0.00734284520149231,0.014616429805755615,-0.08928148448467255,0.9958720803260803,1
81423,139.83636474609375,270.044921875,-45.17735290527344,147.86875915527344,237.3341522216797,116.22772216796875,386.67232507211156,292.3872706477996,-118.74140320139122,174.95895385742188,15.082321166992188,34.435455322265625,0.7260074615478516,2.658681631088257,0.0,145.0996551513672,196.5814666748047,162.79736328125,0.01211890671402216,0.010369478724896908,-0.09423112124204636,0.9954226016998291,1
81424,141.6547088623047,271.2603759765625,-45.696922302246094,149.041015625,237.57550048828125,116.45103454589844,217.1877563263988,145.17700301203877,-62.05872176686535,172.6875,29.18416976928711,27.385461807250977,0.7272424697875977,2.6575944423675537,0.0,146.15403747558594,196.5472869873047,162.75506591796875,0.022491134703159332,0.005453675519675016,-0.09645050019025803,0.9950686693191528,1
81426,144.56687927246094,272.9220886230469,-46.746849060058594,151.2383270263672,237.9720458984375,116.9581298828125,347.5512259253301,198.31609627208672,-125.30287737865001,163.65789794921875,21.621192932128906,26.212621688842773,0.7293456196784973,2.6595335006713867,0.0,148.1131591796875,196.54075622558594,162.88790893554688,0.03526752442121506,0.0022858381271362305,-0.09825050085783005,0.9945339560508728,1
81428,147.0420684814453,273.6886291503906,-47.63381576538086,153.3494415283203,238.18775939941406,117.43791961669922,295.4430610493291,91.49566384451464,-105.86995027211378,150.0053253173828,6.393025875091553,29.586408615112305,0.72800213098526,2.6674132347106934,0.0,149.79147338867188,196.32943725585938,162.93824768066406,0.03941071033477783,0.0024554431438446045,-0.10176244378089905,0.9940247535705566,1
81430,148.85118103027344,273.06597900390625,-48.1060676574707,155.00962829589844,237.7813720703125,117.78083038330078,215.89886384247802,-74.30685243126936,-56.35837693774374,128.76766967773438,-36.19435501098633,14.548426628112793,0.7238742113113403,2.675938367843628,0.0,150.99246215820312,195.70864868164062,163.05245971679688,0.03331724926829338,0.004461020231246948,-0.10673099756240845,0.9937195777893066,1
81432,150.1570281982422,270.1474914550781,-47.64006042480469,156.4073944091797,237.10826110839844,117.66404724121094,155.9861999307759,-348.619496564148,55.665547352604335,111.93019104003906,-36.203826904296875,-9.594757080078125,0.7216823697090149,2.690364360809326,0.0,151.91287231445312,195.1023712158203,162.91297912597656,0.0045959497801959515,0.00828966498374939,-0.11454935371875763,0.9933723211288452,1
81433,150.64857482910156,267.9263610839844,-47.270294189453125,157.0135498046875,236.64404296875,117.54381561279297,58.71004952467047,-265.2905460051261,44.164668471203186,104.61004638671875,-55.19468688964844,-13.740150451660156,0.7215424180030823,2.694572687149048,0.0,152.267578125,194.7924041748047,162.8717498779297,-0.018682891502976418,0.009630948305130005,-0.1196940615773201,0.9925882816314697,1
81435,151.47496032714844,263.1614074707031,-46.013641357421875,158.2906951904297,235.52578735351562,117.42764282226562,98.6676619113423,-568.9195094173774,150.04014114942402,111.09812927246094,-69.49725341796875,-0.3069227337837219,0.7183578610420227,2.7034101486206055,0.0,152.910888671875,194.178955078125,163.19903564453125,-0.060568396002054214,0.015628693625330925,-0.12424860149621964,0.9902774691581726,1
81437,152.50277709960938,260.2135009765625,-45.103118896484375,159.3420867919922,234.4092254638672,117.02529907226562,122.77162819029763,-352.12431800644845,108.76094653084874,85.41155242919922,-67.5245361328125,-15.817044258117676,0.7136708498001099,2.705298900604248,0.0,153.60545349121094,193.7786102294922,163.4137725830078,-0.07598312944173813,0.01865351013839245,-0.1237204447388649,0.9892278909683228,1
81439,153.80462646484375,258.5880126953125,-45.031349182128906,160.12477111816406,233.19859313964844,117.08802795410156,155.42614615522325,-194.0649862587452,8.568495258223265,74.33937072753906,-67.62659454345703,13.401751518249512,0.7116296887397766,2.696812152862549,0.0,154.04425048828125,192.82089233398438,163.69290161132812,-0.08081524819135666,0.017379462718963623,-0.12517572939395905,0.9886849522590637,1
81441,155.90335083007812,259.9135437011719,-45.675132751464844,160.969970703125,232.8770294189453,117.7701416015625,250.73698826390319,158.36269772495143,-76.9135556545807,77.5672378540039,-13.2212495803833,42.838314056396484,0.7058701515197754,2.6741268634796143,0.0,154.6121063232422,192.42291259765625,164.26858520507812,-0.05405787006020546,0.008597790263593197,-0.12323576211929321,0.9908666610717773,1
81443,157.89068603515625,262.2405700683594,-46.6942024230957,161.84356689453125,233.17489624023438,118.54444885253906,237.24969367543235,277.8023009803146,-121.65736651298357,83.77731323242188,31.825857162475586,46.14371871948242,0.7008768916130066,2.6603894233703613,0.0,155.30052185058594,192.34092712402344,164.69580078125,-0.031284116208553314,-0.0006982982158660889,-0.12207342684268951,0.9920276403427124,1
81445,160.31861877441406,266.1927795410156,-48.12297821044922,163.0360870361328,234.45455932617188,119.40962982177734,289.913955760072,471.9243921726011,-170.60688449404552,113.68045043945312,91.65959930419922,62.72469711303711,0.7001238465309143,2.6442363262176514,0.0,156.29281616210938,192.98533630371094,164.93418884277344,-0.003446361515671015,-0.010344743728637695,-0.12529902160167694,0.9920591115951538,1
81446,161.4370574951172,267.92059326171875,-48.981807708740234,163.5950927734375,235.13668823242188,119.80393981933594,133.4793963797856,206.20488921483047,-102.49648988633999,98.73692321777344,81.45625305175781,47.55815505981445,0.7009536623954773,2.6483821868896484,0.0,156.76467895507812,193.3736572265625,165.02102661132812,0.00659825699403882,-0.013995945453643799,-0.12863636016845703,0.9915711283683777,1
81448,163.26856994628906,271.2716979980469,-50.745601654052734,164.3560333251953,236.44129943847656,120.66056823730469,218.8070778711699,400.3496861443855,-210.7168853227049,79.32205200195312,83.8039321899414,53.37576675415039,0.7008945941925049,2.649914026260376,0.0,157.40296936035156,194.0811767578125,165.2338409423828,0.02946697175502777,-0.020899055525660515,-0.13322150707244873,0.9904276728630066,1
81450,164.52674865722656,273.41339111328125,-52.1580924987793,165.0909881591797,237.72247314453125,121.37981414794922,150.14065648429096,255.57196884183213,-168.55499211815186,73.33078002929688,70.74053192138672,42.53435516357422,0.7028886675834656,2.6576859951019287,0.0,157.9413604736328,194.8338165283203,165.36825561523438,0.03566916659474373,-0.02391183376312256,-0.1371135711669922,0.9896240830421448,1
81452,166.1107940673828,275.6095275878906,-53.1011848449707,165.66357421875,238.64572143554688,121.82342529296875,188.90166918933392,261.89517242461443,-112.46629500202835,58.356101989746094,46.2227783203125,20.361343383789062,0.7027547359466553,2.659291982650757,0.0,158.29112243652344,195.40652465820312,165.37474060058594,0.051250748336315155,-0.02959042601287365,-0.13927355408668518,0.9884840250015259,1
81454,167.80137634277344,277.75042724609375,-54.362510681152344,165.9672393798828,239.6822967529297,122.18565368652344,201.51835652813315,255.19644142314792,-150.3507479368709,52.502105712890625,67.3833236694336,26.43678855895996,0.7023375034332275,2.6623282432556152,0.0,158.47360229492188,196.04006958007812,165.2815399169922,0.06832405924797058,-0.04151338338851929,-0.144539013504982,0.9862641096115112,1
81456,168.7693328857422,279.2941589355469,-55.36796188354492,166.03639221191406,240.7582550048828,122.51937103271484,115.42223778320476,184.07951000262983,-119.89322103865561,36.01530075073242,74.34837341308594,27.52541160583496,0.6983901262283325,2.6577985286712646,0.0,158.4073944091797,196.78335571289062,165.2151641845703,0.07444194704294205,-0.048908352851867676,-0.14889705181121826,0.9848330020904541,1
81458,169.76373291015625,282.6182861328125,-56.30362319946289,165.55691528320312,241.97157287597656,122.6314697265625,118.476550943451,396.04898990364745,-111.47820076381322,-9.693035125732422,68.73741912841797,2.0467514991760254,0.6967623233795166,2.655515193939209,0.0,157.9022216796875,197.70486450195312,164.9409637451172,0.10494218021631241,-0.06305211037397385,-0.14773277938365936,0.9814206957817078,1
81459,169.159423828125,283.655029296875,-56.547393798828125,164.95436096191406,242.288818359375,122.47032928466797,-72.06261319387704,123.62948668934405,-29.069141822343227,-40.26034164428711,38.4085693359375,-18.75422477722168,0.6966636776924133,2.6616790294647217,0.0,157.33847045898438,197.90109252929688,164.6217803955078,0.11362817138433456,-0.06196469068527222,-0.14580145478248596,0.980811357498169,1
81461,166.6960906982422,285.3705139160156,-56.6917839050293,163.3870391845703,243.04684448242188,121.99137878417969,-293.95774097018875,204.7144891587086,-17.230551938933786,-73.27543640136719,38.189918518066406,-21.911231994628906,0.7014987468719482,2.6636128425598145,0.0,156.20631408691406,198.3016815185547,163.67092895507812,0.12089060246944427,-0.05774500593543053,-0.1409604251384735,0.9809083342552185,1
81463,161.30284118652344,285.355712890625,-55.75981903076172,161.10556030273438,243.2239990234375,121.1561279296875,-643.9444537716918,-1.7672162561211735,111.27495781358448,-117.64646911621094,-8.991726875305176,-55.949649810791016,0.7027354836463928,2.661365270614624,0.0,154.84141540527344,198.12701416015625,162.37892150878906,0.11125534772872925,-0.03529763221740723,-0.13407745957374573,0.9840729236602783,1
81465,156.3380889892578,285.18341064453125,-54.8635368347168,158.7283477783203,243.180419921875,120.41851806640625,-592.9871737083886,-20.579682101961225,107.05143482700805,-91.87608337402344,11.309680938720703,-39.22763442993164,0.7079733610153198,2.638136625289917,0.0,153.24237060546875,197.77078247070312,161.33424377441406,0.09899047762155533,-0.0162602961063385,-0.12724848091602325,0.986784815788269,1
81467,152.6328887939453,284.2391357421875,-54.10871505737305,156.65701293945312,242.8800811767578,120.03215789794922,-442.51177777256817,-112.77467983262613,90.14830751018599,-89.60343933105469,-22.691112518310547,-13.50582218170166,0.708989679813385,2.627681255340576,0.0,151.68934631347656,197.27780151367188,160.72300720214844,0.07918158918619156,-0.00807008147239685,-0.12454971671104431,0.9890159368515015,1
81468,151.20233154296875,283.77655029296875,-53.8681755065918,155.65023803710938,242.46270751953125,119.90522003173828,-170.73805349261966,-55.2099114661105,28.708571195136756,-88.1434326171875,-49.6297607421875,-14.55093765258789,0.7093003392219543,2.6242222785949707,0.0,150.94053649902344,196.8984832763672,160.64743041992188,0.07791565358638763,-0.007651418447494507,-0.12258189916610718,0.9893655776977539,1
81470,148.4847412109375,281.445556640625,-52.7719841003418,154.33663940429688,240.7650909423828,119.42559814453125,-324.64344224426895,-278.46058849524707,130.9510662034154,-36.64756393432617,-112.30722045898438,-32.128334045410156,0.711860179901123,2.6342015266418457,0.0,149.9628143310547,195.31582641601562,160.41824340820312,0.06619404256343842,0.004898607265204191,-0.12107214331626892,0.9904220700263977,1
81472,146.6187286376953,276.9981994628906,-51.457794189453125,153.69236755371094,238.74090576171875,119.04280090332031,-222.8547786247218,-531.1404722139705,156.95151568730944,8.790061950683594,-112.92694091796875,-15.792864799499512,0.7143240571022034,2.640450954437256,0.0,149.4269561767578,193.61529541015625,160.4432830810547,0.03546605259180069,0.011679349467158318,-0.12008316814899445,0.9920613765716553,1
81474,145.77447509765625,270.88836669921875,-50.03917694091797,153.81785583496094,236.59347534179688,118.50455474853516,-100.80237962363753,-729.5032267819624,169.38039065949852,52.34734344482422,-132.72659301757812,-33.996917724609375,0.7125051021575928,2.6577682495117188,0.0,149.57826232910156,192.0391082763672,160.6111602783203,-0.006498727481812239,0.01831781677901745,-0.120607890188694,0.9925099015235901,1
81476,147.11585998535156,266.5000305175781,-49.0633430480957,154.99575805664062,234.37115478515625,118.23616790771484,160.21211805206258,-524.1334093103651,116.55149559993879,120.59950256347656,-135.47830200195312,-15.478632926940918,0.7088666558265686,2.6547353267669678,0.0,150.35577392578125,190.65415954589844,161.3779754638672,-0.026677330955863,0.02287721447646618,-0.12141769379377365,0.99197918176651,1
81478,149.92727661132812,262.5085144042969,-48.1850471496582,156.7542266845703,232.05421447753906,118.20564270019531,335.57577370188665,-476.43458304321393,104.83498707879335,146.74853515625,-123.85125732421875,0.15676218271255493,0.7012753486633301,2.6561572551727295,0.0,151.7432098388672,189.2350311279297,162.2263946533203,-0.03838885948061943,0.0167674720287323,-0.1267382800579071,0.9910512566566467,1
81480,153.43716430664062,260.1354064941406,-47.647308349609375,159.0025177001953,230.39175415039062,118.0467758178711,419.15779806673527,-283.4012858942151,64.21784140402451,174.60227966308594,-105.72759246826172,-3.8774545192718506,0.7003494501113892,2.651033878326416,0.0,153.44363403320312,188.18995666503906,162.62908935546875,-0.04552164301276207,0.010300903581082821,-0.13508184254169464,0.9897345900535583,1
81481,155.2767333984375,259.31231689453125,-47.388980865478516,160.34671020507812,229.7220916748047,118.01480102539062,219.5888622875791,-98.25198169774376,30.8364815384557,192.64170837402344,-79.67137908935547,-3.194350004196167,0.7036853432655334,2.648916482925415,0.0,154.4224395751953,187.6656494140625,162.74021911621094,-0.046729035675525665,0.008124619722366333,-0.13795527815818787,0.9893021583557129,1
81483,159.7942352294922,259.48272705078125,-46.61646270751953,163.11204528808594,229.00027465820312,117.52705383300781,539.2672685203142,20.34235356748104,92.2177284049103,202.3929901123047,-31.583290100097656,-32.315277099609375,0.7073718905448914,2.6460773944854736,0.0,156.46652221679688,187.1863250732422,162.43551635742188,-0.03149804845452309,-0.0008723139180801809,-0.14311589300632477,0.9892042279243469,1
81485,163.9925537109375,260.4225769042969,-46.5029296875,165.74745178222656,229.34548950195312,117.40721893310547,501.25184690370224,112.21194317890331,13.555102172656916,178.1636962890625,26.36618423461914,-6.301619529724121,0.7037859559059143,2.64052677154541,0.0,158.43479919433594,187.45895385742188,162.13577270507812,-0.024900000542402267,-0.012802660465240479,-0.14237260818481445,0.9894170761108398,1
81487,168.3202362060547,263.35528564453125,-46.884742736816406,168.34446716308594,230.14076232910156,117.6537857055664,517.1155315013602,350.42987572588027,-45.62290744623169,190.29879760742188,52.26926803588867,24.985483169555664,0.7032202482223511,2.6350276470184326,0.0,160.4302978515625,188.10597229003906,162.15133666992188,0.004869505297392607,-0.023179233074188232,-0.1383843719959259,0.990095317363739,1
81489,172.1855010986328,267.9764099121094,-48.097591400146484,170.57516479492188,231.88803100585938,118.2574234008789,461.62215856066905,551.8931867962237,-144.84849901203415,154.04110717773438,116.24823760986328,34.446266174316406,0.7000442147254944,2.6343910694122314,0.0,162.365966796875,189.4416046142578,162.3114013671875,0.03929708153009415,-0.03654724359512329,-0.13207972049713135,0.9897853136062622,1
81491,174.47084045410156,272.865966796875,-49.818260192871094,171.84310913085938,234.44793701171875,118.99800109863281,273.54409447778016,585.256367830094,-205.95575255627045,98.0638427734375,163.23373413085938,44.364219665527344,0.6940147876739502,2.6351523399353027,0.0,163.53665161132812,191.4243927001953,162.44223022460938,0.06661169975996017,-0.04708253964781761,-0.1258699893951416,0.9886874556541443,1
81493,174.93345642089844,277.069091796875,-52.04691696166992,172.50872802734375,236.92706298828125,119.91517639160156,55.22380689997226,501.7391963005066,-266.04120886407327,65.02574157714844,146.0355224609375,60.70274353027344,0.6952741146087646,2.6442387104034424,0.0,164.20840454101562,193.0972900390625,162.47604370117188,0.08171138167381287,-0.04485544562339783,-0.12657655775547028,0.9875675439834595,1
81494,174.4862823486328,278.9836730957031,-52.97626876831055,172.6195526123047,238.08799743652344,120.2585220336914,-53.403836590005085,228.64918420440517,-110.98799124243669,45.436798095703125,138.9626922607422,41.6425895690918,0.6956993937492371,2.64858078956604,0.0,164.39503479003906,193.89100646972656,162.40933227539062,0.08707410097122192,-0.04183626174926758,-0.12406180799007416,0.9875608682632446,1
81496,173.01210021972656,282.45806884765625,-54.111751556396484,172.60513305664062,240.33096313476562,120.59623718261719,-175.93537945160642,414.64967116271146,-135.51351034955587,28.7171630859375,132.0032501220703,15.403854370117188,0.6996629238128662,2.650721788406372,0.0,164.5348358154297,195.45449829101562,161.91893005371094,0.09578771889209747,-0.03258606791496277,-0.12056378275156021,0.9875359535217285,1
81498,172.7984161376953,284.94195556640625,-55.0198860168457,172.6300506591797,242.51121520996094,121.05429077148438,-25.472612438723445,296.09638269245625,-108.25587443565018,29.58121681213379,118.75007629394531,31.57221031188965,0.7010968923568726,2.652007579803467,0.0,164.85284423828125,197.03958129882812,161.7117156982422,0.09147673845291138,-0.03384596109390259,-0.12085651606321335,0.9878664612770081,1
81500,171.78665161132812,285.2861328125,-55.27593231201172,172.9220428466797,243.81161499023438,121.44901275634766,-120.59012447798159,41.02177519304678,-30.51762915335712,47.35021209716797,47.09724426269531,27.919553756713867,0.7040706872940063,2.658846855163574,0.0,165.29739379882812,198.03195190429688,161.77554321289062,0.07105471193790436,-0.023652642965316772,-0.11792315542697906,0.9901948571205139,1
81502,170.6419677734375,281.69732666015625,-54.643035888671875,173.5422821044922,244.22567749023438,121.76392364501953,-136.47226518625394,-427.8670570096001,75.45560237893369,84.64759826660156,21.021512985229492,20.563322067260742,0.7053903937339783,2.674905300140381,0.0,166.04779052734375,198.3975372314453,162.1098175048828,0.016976436600089073,-0.012926488183438778,-0.11952456086874008,0.9926019310951233,1
81503,171.051025390625,280.4184265136719,-54.24026107788086,173.91827392578125,244.2185821533203,121.77472686767578,48.77087997738272,-152.47995129902847,48.0217972472019,77.13516998291016,-0.5882022380828857,1.9127936363220215,0.7050246596336365,2.6746976375579834,0.0,166.4640350341797,198.4546356201172,162.24978637695312,0.004017375875264406,-0.014608888886868954,-0.122367262840271,0.9923692345619202,1
81505,172.25111389160156,275.60650634765625,-52.81400680541992,174.76564025878906,243.32061767578125,121.24063110351562,143.01712644146755,-573.4468701677397,169.96978760836646,100.59877014160156,-65.13487243652344,-30.25116729736328,0.7020453810691833,2.6638407707214355,0.024527935311198235,167.406494140625,198.19085693359375,162.58395385742188,-0.04179653897881508,-0.020915359258651733,-0.1343134492635727,0.9898360967636108,1
81507,173.59400939941406,268.7643127441406,-51.09894943237305,176.47669982910156,241.84017944335938,121.14704132080078,160.15662060119212,-816.0147968796082,204.5414489856921,145.39950561523438,-94.20716094970703,0.9524574279785156,0.6959282755851746,2.6090967655181885,0.07795418798923492,168.72488403320312,198.03868103027344,163.87457275390625,-0.10474088788032532,-0.020266860723495483,-0.13619573414325714,0.9849209785461426,1
81509,177.08116149902344,266.0823059082031,-50.33989334106445,178.21559143066406,240.23728942871094,121.21427154541016,416.243823105935,-320.1376788560301,90.60471134411637,135.7716064453125,-83.1446762084961,1.9025745391845703,0.6948755383491516,2.5438969135284424,0.06122709438204765,170.22021484375,197.9308319091797,165.33285522460938,-0.10710219293832779,-0.036869343370199203,-0.13745534420013428,0.9840100407600403,1
81511,179.22157287597656,264.101318359375,-49.72574234008789,179.8555908203125,239.26025390625,121.0065689086914,255.65968895237893,-236.61743999551982,73.35676476499066,133.54652404785156,-47.1961784362793,-7.465824127197266,0.6948174834251404,2.5058605670928955,0.06612762808799744,171.6258544921875,197.5968475341797,165.6277618408203,-0.115798719227314,-0.039332062005996704,-0.13806983828544617,0.9828429818153381,1
81513,181.45408630371094,264.7341613769531,-49.9398307800293,181.6305694580078,239.3993682861328,121.25861358642578,266.59353205701336,75.57036531018093,-25.565173614420928,130.70169067382812,25.704853057861328,30.142902374267578,0.6956843137741089,2.4677865505218506,0.05186600983142853,173.32379150390625,197.80801391601562,165.89915466308594,-0.10733921080827713,-0.04355981945991516,-0.13695712387561798,0.9837802648544312,1
81514,182.39503479003906,266.23919677734375,-50.141361236572266,182.2041015625,239.7601776123047,121.4630355834961,112.37292660749517,179.73909841733985,-24.067807676328812,100.46061706542969,43.20124053955078,24.951631546020508,0.6979751586914062,2.4612088203430176,0.02766183763742447,174.04171752929688,198.1134490966797,166.01869201660156,-0.09078282862901688,-0.04804244264960289,-0.1361953765153885,0.9853432178497314,1
81516,184.40499877929688,272.50146484375,-51.34400177001953,183.67759704589844,242.00450134277344,121.90736389160156,240.28899283730425,748.6472865166143,-143.77435818343656,127.05598449707031,167.99050903320312,19.89128303527832,0.6929858922958374,2.4676594734191895,0.0,175.84532165527344,199.4296875,165.5665283203125,-0.044981762766838074,-0.05177486315369606,-0.13133899867534637,0.9889621138572693,1
81518,185.54910278320312,279.63165283203125,-54.547935485839844,185.09954833984375,245.15631103515625,123.39537811279297,136.58225123304874,851.1963281566277,-382.48312934325077,114.3314208984375,178.1687469482422,100.33567810058594,0.688833475112915,2.5329103469848633,0.0,177.80789184570312,200.88226318359375,165.30345153808594,-0.005730003118515015,-0.05176481604576111,-0.12706348299980164,0.9905263185501099,1
81520,185.69668579101562,284.986083984375,-58.47257614135742,186.21153259277344,247.5950469970703,125.661376953125,17.622318889014423,639.3520137206651,-468.6262340186804,98.15469360351562,142.30413818359375,158.11019897460938,0.689603328704834,2.5758631229400635,0.0,179.44566345214844,201.9234161376953,165.9546356201172,0.02130645327270031,-0.04739716276526451,-0.11955582350492477,0.9914665818214417,1
81522,184.99002075195312,287.66351318359375,-62.204376220703125,186.9816131591797,249.78834533691406,128.04454040527344,-84.34881726186723,319.5827920907177,-445.4344074643159,66.90290832519531,122.72028350830078,135.93186950683594,0.6895629167556763,2.598452091217041,0.0,180.7794189453125,202.86337280273438,166.80487060546875,0.017422808334231377,-0.04127532243728638,-0.11768659949302673,0.9920396208763123,1
81524,184.95867919921875,289.87451171875,-65.0966796875,187.44931030273438,250.76487731933594,130.19320678710938,-3.7480431601870805,264.40674484474584,-345.8819771243725,54.47875213623047,31.674291610717773,121.97413635253906,0.6919740438461304,2.6186270713806152,0.0,181.467041015625,202.89723205566406,167.79432678222656,0.030727652832865715,-0.03789674863219261,-0.1160203367471695,0.9920478463172913,1
81526,184.84304809570312,289.99298095703125,-66.35163116455078,188.07553100585938,251.65184020996094,131.3946533203125,-13.810729624936357,14.149710320401937,-149.8886978936498,72.85917663574219,48.12834167480469,53.31605911254883,0.6929957270622253,2.6380300521850586,0.0,182.22059631347656,203.28831481933594,168.3856658935547,0.017101025208830833,-0.032150208950042725,-0.11607570946216583,0.9925726056098938,1
81527,184.8614959716797,288.4062194824219,-66.39512634277344,188.3463897705078,251.6761932373047,131.7579345703125,2.2036962661659345,-189.54704277799465,-5.195728872378822,64.55221557617188,3.170974016189575,44.02261734008789,0.693618655204773,2.6489436626434326,0.005986012984067202,182.5380096435547,203.27713012695312,168.72250366210938,-0.003110129851847887,-0.030428707599639893,-0.11808322370052338,0.99253249168396,1
81529,185.80746459960938,284.9342346191406,-65.47676849365234,188.40428161621094,250.8505401611328,131.55226135253906,112.70625260076486,-413.66530715022236,109.41660078882705,21.64263916015625,-77.31218719482422,-33.41204071044922,0.6945835947990417,2.6591758728027344,0.00974204670637846,182.82598876953125,202.73208618164062,169.01881408691406,-0.02630249224603176,-0.03941398859024048,-0.1275782585144043,0.9906959533691406,1
81531,186.36740112304688,280.0086975097656,-63.53487777709961,188.8344268798828,248.5765838623047,130.9678497314453,66.83592480886728,-587.9288349766284,231.79066998840426,66.97625732421875,-137.7650604248047,-42.610538482666016,0.6930518746376038,2.651907444000244,0.011593728326261044,183.0924530029297,201.54110717773438,169.7456817626953,-0.04864247888326645,-0.03943916782736778,-0.13282617926597595,0.9891590476036072,1
81533,186.85923767089844,272.7911376953125,-61.740753173828125,189.58291625976562,246.253662109375,130.54739379882812,58.72207624907605,-861.7295717610978,214.20677705603885,76.0234375,-134.41436767578125,-16.191558837890625,0.6884261965751648,2.623861074447632,0.07150238752365112,183.29623413085938,200.6823272705078,170.85496520996094,-0.10909909754991531,-0.040597107261419296,-0.13332948088645935,0.9842116236686707,1
81535,187.01905822753906,267.5680847167969,-60.00910568237305,190.1428985595703,244.05967712402344,129.7858428955078,19.089383468264714,-623.8550489230547,206.8324857019179,56.74617004394531,-126.29708862304688,-59.21323013305664,0.6848660111427307,2.5946388244628906,0.10035035014152527,183.52694702148438,199.7590789794922,171.3072052001953,-0.14201772212982178,-0.0350896380841732,-0.13261212408542633,0.9803130626678467,1
81536,186.81961059570312,265.4478759765625,-59.091922760009766,190.42904663085938,243.36618041992188,129.13922119140625,-23.8193825018825,-253.20963955600746,109.53617574129021,65.42280578613281,-80.26611328125,-74.46319580078125,0.6874850988388062,2.585461139678955,0.12470683455467224,183.66265869140625,199.4946746826172,171.01004028320312,-0.160669207572937,-0.02864137291908264,-0.1349540799856186,0.9773190021514893,1
81538,186.3758087158203,263.2122497558594,-57.77527618408203,190.4107208251953,242.1488037109375,128.2559814453125,-53.07224039803259,-267.3483317750506,157.45175215421477,20.74371337890625,-68.79946899414062,-53.691898345947266,0.6892179846763611,2.541358470916748,0.12975433468818665,183.73681640625,199.01385498046875,170.80389404296875,-0.1686950922012329,-0.02539580874145031,-0.1336115151643753,0.9762402176856995,1
81540,185.50079345703125,263.9101867675781,-56.912071228027344,190.21629333496094,241.95880126953125,127.49397277832031,-104.4863630051259,83.34128945600241,103.07608407991938,33.35830307006836,17.121850967407227,-35.960166931152344,0.6933677196502686,2.49544620513916,0.11735213547945023,183.8794403076172,198.97378540039062,170.15310668945312,-0.15890401601791382,-0.023045063018798828,-0.1285049170255661,0.9786239862442017,1
81542,184.55474853515625,267.3894348144531,-56.4565315246582,190.25030517578125,243.0205841064453,126.9637222290039,-112.94260784052312,415.36647853814065,54.384142743918346,33.898536682128906,86.76876831054688,-30.868186950683594,0.6985320448875427,2.478513479232788,0.08399412781000137,184.7124481201172,199.6094207763672,169.1274871826172,-0.1300804167985916,-0.018570004031062126,-0.1216801106929779,0.9838334321975708,1
81544,183.73812866210938,273.8150939941406,-57.176937103271484,190.68045043945312,244.97354125976562,127.02679443359375,-97.32092507509515,765.7799133043736,-85.85455688007642,60.91461181640625,102.6946029663086,12.939629554748535,0.7050566673278809,2.4906208515167236,0.035564541816711426,186.17410278320312,200.88812255859375,168.4485321044922,-0.08002402633428574,-0.01154735591262579,-0.11005755513906479,0.9906311631202698,1
81546,184.27354431152344,279.3355407714844,-59.0452880859375,191.4639129638672,247.0606689453125,127.78533172607422,63.798186333850026,657.7964101955295,-222.62592484848574,79.7557373046875,127.44881439208984,35.93616485595703,0.7060733437538147,2.510594606399536,0.0276575218886137,187.18162536621094,201.45901489257812,167.51744079589844,-0.05042280629277229,-0.012631354853510857,-0.10527345538139343,0.9930838346481323,1
81547,184.89535522460938,281.2200622558594,-59.67463684082031,192.11878967285156,248.21018981933594,128.13436889648438,74.14476041228045,224.71042403765023,-75.04357299709227,110.74552917480469,138.14231872558594,42.48903274536133,0.7079184055328369,2.527038335800171,0.021756334230303764,187.9464569091797,202.114013671875,167.2795867919922,-0.0427166223526001,-0.014194756746292114,-0.10465757548809052,0.9934890866279602,1
81549,186.9641876220703,285.0641174316406,-60.85859298706055,193.71730041503906,249.99777221679688,128.6989288330078,246.69746718322858,458.3835194874555,-141.18059195706155,120.98965454101562,97.6265640258789,24.567129135131836,0.7089201807975769,2.5479612350463867,0.0,189.6898193359375,203.4072723388672,167.20175170898438,-0.01689690165221691,-0.01808115839958191,-0.10845942795276642,0.9937927722930908,1
81551,189.53530883789062,287.78338623046875,-61.59193420410156,195.47256469726562,251.53602600097656,128.9154052734375,306.552182252286,324.21566874487326,-87.43553164129844,141.71646118164062,94.36589050292969,9.9677095413208,0.7080221176147461,2.551907777786255,0.0,191.3850555419922,204.63592529296875,167.0160369873047,-0.00415419414639473,-0.023900628089904785,-0.11249217391014099,0.993356466293335,1
81553,192.86363220214844,290.9594421386719,-61.64207077026367,197.3533935546875,252.28480529785156,128.44190979003906,397.1324956364697,378.9640822315123,-5.982249157765182,152.3350372314453,35.881282806396484,-42.1365966796875,0.712032675743103,2.559586763381958,0.0,192.9147491455078,205.26998901367188,166.39825439453125,0.02880367450416088,-0.03014126420021057,-0.11738453805446625,0.9922110438346863,1
81555,197.19235229492188,292.0992736816406,-61.266082763671875,199.610107421875,252.30624389648438,127.7978515625,517.1983314099489,136.18782445555553,44.92329498598701,162.8772430419922,8.023346900939941,-43.666656494140625,0.7070243954658508,2.573619842529297,0.0,194.46205139160156,205.3348388671875,165.80029296875,0.04645645618438721,-0.04434385895729065,-0.12164367735385895,0.9904939532279968,1
81556,200.43763732910156,292.13873291015625,-60.95622253417969,200.83462524414062,252.32241821289062,127.68091583251953,387.4350429571932,4.710799739928916,36.99234737770166,178.00802612304688,2.18556809425354,-13.301392555236816,0.7012808918952942,2.5725440979003906,0.0,195.147705078125,205.5153045654297,165.90835571289062,0.049532704055309296,-0.05680433288216591,-0.12709712982177734,0.9890227913856506,1
81558,206.8488006591797,288.9833068847656,-59.621429443359375,203.02024841308594,251.16502380371094,127.22671508789062,765.1263062520884,-376.57743769092485,159.29797052568756,173.15438842773438,-87.31005096435547,-22.523330688476562,0.6919419169425964,2.5309221744537354,0.0,196.35037231445312,205.23330688476562,166.50404357910156,0.04376180097460747,-0.08387124538421631,-0.1405390501022339,0.9855451583862305,1
81560,212.3819122314453,282.9599914550781,-58.44781494140625,205.51190185546875,249.07395935058594,127.29974365234375,660.6086985941511,-719.1350680822507,140.12006420991383,181.90628051757812,-123.65233612060547,13.188657760620117,0.682578980922699,2.3802907466888428,0.0,197.25912475585938,204.415283203125,167.76634216308594,0.006268767639994621,-0.11045479774475098,-0.1459885835647583,0.9830807447433472,1
81562,216.04293823242188,273.6076354980469,-57.97119140625,207.70643615722656,246.77557373046875,126.49282836914062,437.5147287948057,-1117.6630482934415,56.959392439574,154.24742126464844,-151.379150390625,-66.80398559570312,0.6895047426223755,2.227137565612793,0.011055025272071362,198.0358123779297,203.60354614257812,168.00083923339844,-0.08413437008857727,-0.13167007267475128,-0.17023727297782898,0.9729356169700623,1
81564,216.46463012695312,265.02557373046875,-58.62355422973633,208.9933319091797,243.935302734375,126.1375732421875,50.32656550453976,-1024.2209995288868,-77.8558487717819,102.28115844726562,-159.95530700683594,-20.182809829711914,0.6940233707427979,2.1666018962860107,0.11314813792705536,198.86119079589844,202.49081420898438,169.015869140625,-0.16635099053382874,-0.13173016905784607,-0.18561603128910065,0.9594379663467407,1
81566,215.7722930908203,258.69140625,-61.27613067626953,210.05355834960938,242.05348205566406,125.72003173828125,-82.77033151709475,-757.2628862550482,-317.1210268922732,87.246826171875,-105.1620101928711,-25.565593719482422,0.6907936930656433,2.246936082839966,0.28779882192611694,199.6265106201172,201.12924194335938,168.87640380859375,-0.2779662013053894,-0.12292513251304626,-0.21160060167312622,0.9288968443870544,1
81567,213.265625,254.53720092773438,-63.93523025512695,210.5460968017578,241.5745391845703,125.57705688476562,-299.16473214374855,-495.7942884648219,-317.35705902415793,90.39563751220703,-56.3328857421875,-16.271982192993164,0.6818696856498718,2.3638603687286377,0.47743821144104004,200.02723693847656,200.58151245117188,168.6651611328125,-0.3816564977169037,-0.09539628028869629,-0.2161061018705368,0.8936084508895874,1
81569,208.0668182373047,248.58103942871094,-70.98206329345703,211.93804931640625,241.32957458496094,125.85289001464844,-620.8107150134165,-711.2495323882904,-841.4910683923517,119.71110534667969,-9.54227352142334,27.766542434692383,0.6655514240264893,2.5699331760406494,0.8046640753746033,201.1203155517578,199.49403381347656,168.06805419921875,-0.5517612099647522,-0.04332244023680687,-0.19983738660812378,0.8085466623306274,1
81571,205.1688995361328,242.4342041015625,-75.82901000976562,213.2857666015625,241.6310577392578,125.29179382324219,-346.00179133052006,-733.9115598194767,-578.7092114241095,112.19389343261719,29.348913192749023,-56.40506362915039,0.6361938714981079,2.710724115371704,0.9840294122695923,202.46356201171875,199.0514373779297,166.70741271972656,-0.6521653532981873,-0.03518384322524071,-0.1721714586019516,0.7374275326728821,1
