frame_id,index_x_coor,index_y_coor,index_z_coor,palm_x_coor,palm_y_coor,palm_z_coor,index_x_velocity,index_y_velocity,index_z_velocity,palm_velocity_x,palm_velocity_y,palm_velocity_z,confidence,hand_grab_angle,hand_grab_strength,armPosition_x,armPosition_y,armPosition_z,tip_rotation_x,tip_rotation_y,tip_rotation_z,tip_rotation_w,target
83596,-127.68002319335938,303.7828369140625,-54.12749099731445,-151.3909454345703,250.9302520751953,99.56472778320312,-45.51236408087425,529.5179759827442,175.0205935986014,144.31259155273438,102.29137420654297,-150.38687133789062,0.739713191986084,2.5552711486816406,0.0,-151.6853790283203,207.2532501220703,133.1690673828125,0.1579941362142563,-0.18954141438007355,0.17293290793895721,0.9535229802131653,1
83597,-127.15687561035156,305.65509033203125,-52.51221466064453,-150.5771484375,251.76718139648438,98.45210266113281,62.486935823690146,223.6297805327922,192.9353629174875,130.17269897460938,101.02220153808594,-133.33143615722656,0.7393060326576233,2.557929277420044,0.0,-151.0736541748047,208.26551818847656,132.3627166748047,0.16710002720355988,-0.18405087292194366,0.17527839541435242,0.9526176452636719,1
83599,-126.62559509277344,309.47064208984375,-50.74585723876953,-149.06666564941406,253.38479614257812,96.90009307861328,63.44152994127944,455.6245393473655,210.92513946816325,121.9105224609375,94.87895202636719,-84.68246459960938,0.7363162040710449,2.5586249828338623,0.0,-150.02696228027344,210.11688232421875,131.24574279785156,0.19460779428482056,-0.176862433552742,0.1837429702281952,0.9471462368965149,1
83601,-126.322265625,312.42291259765625,-49.777652740478516,-148.30172729492188,255.21575927734375,95.89059448242188,36.2304615204921,352.62687735725194,115.64486654326902,76.36367797851562,92.98474884033203,-63.849266052246094,0.7317653894424438,2.5619852542877197,0.0,-149.51707458496094,211.9237060546875,130.2825927734375,0.2060307264328003,-0.1746818721294403,0.1876060664653778,0.944373607635498,1
83603,-126.27912902832031,315.5719909667969,-50.16333770751953,-147.95101928710938,256.6400451660156,95.17567443847656,5.148452796158381,375.8498023224529,-46.03239476084127,50.735225677490234,86.47980499267578,-43.32942199707031,0.7307255268096924,2.5530483722686768,0.0,-149.30775451660156,213.21998596191406,129.53883361816406,0.22637002170085907,-0.17615967988967896,0.18953683972358704,0.9390421509742737,1
83605,-126.00289916992188,317.8430480957031,-50.41471481323242,-147.67027282714844,258.0931701660156,94.36023712158203,33.01026048604399,271.3978417776525,-30.040285246213898,52.33949279785156,85.25292205810547,-51.34663772583008,0.7352798581123352,2.5507285594940186,0.0,-149.10951232910156,214.50535583496094,128.63148498535156,0.23678626120090485,-0.1793571263551712,0.189641073346138,0.9358416199684143,1
83607,-125.65391540527344,319.9057312011719,-50.6733512878418,-147.4816131591797,259.7088928222656,93.6542739868164,41.656438334146515,246.21211726684123,-30.872136319521815,33.83317184448242,99.99439239501953,-31.906694412231445,0.7375906109809875,2.5456202030181885,0.0,-148.97625732421875,215.92486572265625,127.788330078125,0.24305394291877747,-0.18300911784172058,0.18896713852882385,0.9336615204811096,1
83608,-125.67413330078125,320.9706726074219,-50.6977653503418,-147.53993225097656,260.7485046386719,93.39712524414062,-2.413468703161925,127.12513791024685,-2.9143773019313812,25.22076988220215,124.58419036865234,-30.1319637298584,0.7412376403808594,2.5459089279174805,0.0,-149.05113220214844,216.8518829345703,127.44853210449219,0.24437463283538818,-0.1830899864435196,0.1881069391965866,0.933474600315094,1
83610,-125.72811889648438,323.6405334472656,-50.4288444519043,-147.52731323242188,262.94891357421875,92.43496704101562,-6.445784653769806,318.77666264539585,32.10867968853563,28.839738845825195,137.44190979003906,-59.45558166503906,0.7436155080795288,2.547084093093872,0.0,-149.04803466796875,218.87501525878906,126.3244400024414,0.2515091896057129,-0.18350434303283691,0.18737627565860748,0.9316433668136597,1
83612,-125.77679443359375,326.2020568847656,-50.08332061767578,-147.45042419433594,264.97344970703125,91.36602020263672,-5.812158525222912,305.8616539016366,41.25767106105923,40.95784378051758,116.3362808227539,-62.42121124267578,0.7469526529312134,2.5443203449249268,0.0,-149.01202392578125,220.8032684326172,125.1981201171875,0.26042935252189636,-0.18340253829956055,0.1873486489057541,0.9292150139808655,1
83614,-125.77627563476562,328.5094299316406,-50.1641731262207,-147.50965881347656,266.91436767578125,90.82624053955078,0.06192805175669491,275.4268316011876,-9.651213654287858,18.300464630126953,126.23799896240234,-25.258787155151367,0.7465397119522095,2.538928508758545,0.0,-149.12332153320312,222.59304809570312,124.54131317138672,0.2656930685043335,-0.185243621468544,0.1861726939678192,0.9275946021080017,1
83616,-125.80479431152344,331.1618347167969,-50.181884765625,-147.7480926513672,269.3248291015625,90.28009033203125,-3.4081541961058974,316.9783989302814,-2.1166479310486466,13.611614227294922,158.0799560546875,-30.80106544494629,0.7449708580970764,2.537893056869507,0.0,-149.3805389404297,224.76553344726562,123.77853393554688,0.26927700638771057,-0.18660162389278412,0.1832636445760727,0.9268679022789001,1
83618,-125.84852600097656,333.7196960449219,-50.036651611328125,-147.8966064453125,271.68182373046875,89.8514633178711,-5.220101415645331,305.32311252877116,17.33598230080679,30.45378875732422,134.31576538085938,-27.31279754638672,0.7460967302322388,2.5406081676483154,0.0,-149.5663299560547,226.8892059326172,123.13397216796875,0.2721906304359436,-0.18590717017650604,0.1812334507703781,0.9265555739402771,1
83619,-125.70626831054688,335.0096740722656,-49.8880500793457,-147.8905029296875,272.8248596191406,89.54303741455078,16.981036074343137,153.98227927973494,17.73828864839743,32.92210006713867,136.2701873779297,-36.0785026550293,0.7483207583427429,2.542414903640747,0.0,-149.59947204589844,227.91802978515625,122.69337463378906,0.2731612026691437,-0.18674781918525696,0.18080049753189087,0.9261853694915771,1
83621,-125.27220153808594,337.2032165527344,-49.51771926879883,-147.7758026123047,274.9218444824219,88.90316772460938,51.84056165080983,261.9746117577888,44.22858056263067,36.9481315612793,120.66445922851562,-29.920154571533203,0.7506614327430725,2.543222427368164,0.0,-149.58682250976562,229.83424377441406,121.88651275634766,0.2734929919242859,-0.18829968571662903,0.1784110963344574,0.926236629486084,1
83623,-125.12974548339844,339.18011474609375,-49.511192321777344,-147.85516357421875,276.8067932128906,88.64045715332031,17.01916198991239,236.17915478674695,0.779771480418276,28.084733963012695,111.96009826660156,-15.702786445617676,0.7525992393493652,2.542752981185913,0.0,-149.74684143066406,231.482666015625,121.40838623046875,0.27377399802207947,-0.18895484507083893,0.17523632943630219,0.9266261458396912,1
83625,-124.73062133789062,341.09332275390625,-48.93907165527344,-147.86155700683594,278.74310302734375,88.16999816894531,47.55566690687556,227.9588538231328,68.16821320640156,28.04578971862793,122.0288314819336,-27.42881202697754,0.75345379114151,2.5460705757141113,0.0,-149.90176391601562,233.27926635742188,120.81549072265625,0.27237677574157715,-0.18987742066383362,0.17158205807209015,0.9275327920913696,1
83627,-124.26484680175781,342.7694091796875,-48.31409454345703,-147.83877563476562,280.4847412109375,87.72905731201172,55.516908297431655,199.77720802696422,74.4926875839592,27.935436248779297,98.27474212646484,-19.599308013916016,0.7562417387962341,2.55149507522583,0.0,-150.02406311035156,234.83924865722656,120.19876861572266,0.269639253616333,-0.18986043334007263,0.16697663068771362,0.9291751980781555,1
83629,-123.90065002441406,343.5904235839844,-48.228118896484375,-147.92724609375,281.3791198730469,87.63040924072266,43.40613626874983,97.85112150479108,10.246852472191676,21.589496612548828,38.636634826660156,-3.4978840351104736,0.7589904069900513,2.5556254386901855,0.0,-150.30828857421875,235.47476196289062,119.8526611328125,0.26902905106544495,-0.19033265113830566,0.16054373979568481,0.9303883910179138,1
83630,-123.65805053710938,343.8890686035156,-48.10172653198242,-148.1987762451172,281.6955261230469,87.49040222167969,28.909954858012497,35.588756304234266,15.061851913807914,-0.27108001708984375,38.09476089477539,-16.119091033935547,0.7598950266838074,2.5568721294403076,0.0,-150.64120483398438,235.70175170898438,119.6368408203125,0.2682121694087982,-0.19351275265216827,0.15626506507396698,0.9306966662406921,1
83632,-123.28871154785156,344.0060119628906,-47.321495056152344,-148.85064697265625,282.0794677734375,86.98426055908203,44.02308174641803,13.938975356519222,92.99910120677669,-4.722530364990234,13.110834121704102,-27.234018325805664,0.7608793377876282,2.5639986991882324,0.0,-151.37571716308594,236.01388549804688,119.0656509399414,0.2608012855052948,-0.19860748946666718,0.14913134276866913,0.9328973889350891,1
83634,-123.51856994628906,343.65057373046875,-46.49184799194336,-149.6430206298828,281.8643798828125,86.46564483642578,-27.44577881321311,-42.44038579892367,99.06233564706054,-20.4395751953125,-30.163850784301758,-32.52804183959961,0.7599608302116394,2.569157361984253,0.0,-152.2499542236328,235.78118896484375,118.56082153320312,0.2590947151184082,-0.20140938460826874,0.1459410935640335,0.9332767128944397,1
83636,-124.37013244628906,342.349365234375,-44.952049255371094,-150.833984375,281.29443359375,85.85916900634766,-101.72228902578354,-155.43416569242254,183.93465203451342,-35.43099594116211,-47.21019744873047,-41.74134063720703,0.7547347545623779,2.5736210346221924,0.0,-153.5770263671875,235.1771697998047,117.95240020751953,0.24949052929878235,-0.20071212947368622,0.1444510966539383,0.9362707734107971,1
83637,-125.03286743164062,341.14654541015625,-43.878421783447266,-151.67970275878906,280.7895202636719,85.48407745361328,-79.08007649576757,-143.52506780577824,128.10934156834264,-68.518798828125,-59.87263488769531,-44.048828125,0.7487627863883972,2.574018716812134,0.0,-154.4300079345703,234.65635681152344,117.58043670654297,0.23883818089962006,-0.20015214383602142,0.14304323494434357,0.9393796324729919,1
83639,-126.85159301757812,339.13177490234375,-41.689231872558594,-153.5736083984375,279.07305908203125,84.03504943847656,-217.20160004217178,-240.61429684516042,261.44436253482127,-75.32719421386719,-119.71243286132812,-97.4157485961914,0.7410745024681091,2.5788052082061768,0.0,-156.31674194335938,233.03280639648438,116.33011627197266,0.23619821667671204,-0.19943219423294067,0.14295193552970886,0.9402137994766235,1
83641,-129.94007873535156,335.5851135253906,-39.10958480834961,-156.04905700683594,276.29205322265625,82.8466796875,-368.7548551366199,-423.4594949721359,308.0012233800371,-126.46881103515625,-180.36984252929688,-66.87976837158203,0.736229419708252,2.581360340118408,0.0,-158.5245361328125,230.41481018066406,115.42095947265625,0.22393934428691864,-0.1943192332983017,0.14490018784999847,0.9439783692359924,1
83643,-134.18927001953125,332.17950439453125,-36.975975036621094,-159.3244171142578,272.8860168457031,81.6845474243164,-507.40651531959884,-406.6722691594623,254.7796573327505,-178.26287841796875,-209.03863525390625,-73.72206115722656,0.716928243637085,2.5685033798217773,0.0,-161.22970581054688,227.06161499023438,114.41195678710938,0.22147369384765625,-0.18823613226413727,0.1445806622505188,0.9458398222923279,1
83645,-138.67379760742188,327.1531677246094,-32.77571105957031,-162.84426879882812,269.1283264160156,79.97300720214844,-535.473095160909,-600.1675764536485,501.53072050609626,-185.5653533935547,-247.2442626953125,-107.83934783935547,0.7052203416824341,2.5766308307647705,0.0,-164.2777862548828,223.52330017089844,113.16674041748047,0.20843933522701263,-0.17749200761318207,0.14430202543735504,0.9509082436561584,1
83647,-144.55352783203125,322.7958068847656,-29.598590850830078,-167.14279174804688,264.5933837890625,78.0892562866211,-701.9921577640343,-520.2335857716389,379.3224154187192,-221.82247924804688,-295.6525573730469,-116.823486328125,0.691196858882904,2.58158802986145,0.0,-167.9508819580078,219.572998046875,112.05487060546875,0.214394211769104,-0.1686795949935913,0.14726604521274567,0.9507339596748352,1
83649,-150.4405059814453,317.4507141113281,-26.6922607421875,-171.69406127929688,259.7513122558594,76.61282348632812,-703.3053395517636,-638.5673927348107,347.21336346591124,-252.51296997070312,-287.6680908203125,-75.74610900878906,0.6792323589324951,2.5817511081695557,0.0,-171.68084716796875,214.99728393554688,110.9031753540039,0.2056710124015808,-0.1576983779668808,0.15006856620311737,0.9541016817092896,1
83650,-153.90525817871094,314.6603088378906,-25.056486129760742,-174.1630096435547,257.2579345703125,75.94540405273438,-413.61396613321267,-333.11201683524996,195.2749249079934,-261.13153076171875,-295.9716796875,-78.67217254638672,0.6698769330978394,2.5768702030181885,0.0,-173.73565673828125,212.7337646484375,110.52599334716797,0.20097973942756653,-0.14959797263145447,0.15377794206142426,0.9558137655258179,1
83652,-161.11427307128906,308.5784912109375,-22.847333908081055,-179.0243377685547,251.2673797607422,74.42383575439453,-860.6066230335273,-726.0426851422526,263.72688385262154,-268.3476867675781,-375.5479431152344,-84.9383316040039,0.6599574089050293,2.5752055644989014,0.0,-177.6879425048828,207.2187957763672,109.58187866210938,0.20466011762619019,-0.13681505620479584,0.16428177058696747,0.9552001953125,1
83654,-167.56402587890625,301.5946350097656,-20.64246368408203,-184.2830352783203,244.90980529785156,73.23309326171875,-770.1708128869068,-833.9485819037072,263.28554649752914,-290.5224304199219,-380.4695129394531,-60.71018600463867,0.6649277210235596,2.5732481479644775,0.0,-181.98245239257812,201.6298065185547,109.25796508789062,0.20101530849933624,-0.13056758046150208,0.17029355466365814,0.9557955265045166,1
83656,-174.04751586914062,295.15338134765625,-17.258220672607422,-189.36305236816406,238.7431640625,71.80198669433594,-774.435744621791,-769.3907268503681,404.2388837678591,-270.6627502441406,-365.2320556640625,-81.69711303710938,0.6735408902168274,2.5669009685516357,0.0,-186.1447296142578,196.383544921875,108.80570983886719,0.19971494376659393,-0.11856650561094284,0.17250604927539825,0.9572343230247498,1
83658,-180.77365112304688,288.68902587890625,-15.420004844665527,-194.5127410888672,233.5343017578125,71.01730346679688,-803.0353878284805,-771.7814175523818,219.46516157945007,-287.4906921386719,-290.19866943359375,-21.08722686767578,0.6743490695953369,2.5570600032806396,0.0,-190.56201171875,191.90211486816406,108.83768463134766,0.1909557729959488,-0.10990172624588013,0.1756424903869629,0.9594827890396118,1
83660,-187.26229858398438,282.4604797363281,-14.079880714416504,-199.36158752441406,227.9829864501953,70.6629409790039,-774.7535760514438,-743.6971150944009,160.01269425003557,-268.4709777832031,-330.5794982910156,-27.62828254699707,0.6653984189033508,2.5394914150238037,0.0,-194.9932861328125,187.1334686279297,109.3603286743164,0.1916235089302063,-0.09715177863836288,0.17833279073238373,0.9602288007736206,1
83661,-192.91612243652344,276.5248107910156,-12.870061874389648,-201.65106201171875,225.2277374267578,70.32998657226562,-358.0240363634657,-345.82837982289493,89.73553152912064,-242.09024047851562,-329.8306579589844,-39.26669692993164,0.6624895334243774,2.5385501384735107,0.0,-197.033203125,184.84945678710938,109.45366668701172,0.19287030398845673,-0.09220551699399948,0.17997775971889496,0.960159957408905,1
83663,-195.4213409423828,273.6178894042969,-12.280723571777344,-205.63626098632812,219.54994201660156,69.87866973876953,-615.9764031805098,-709.7695975471288,125.0426788754703,-181.37957763671875,-346.5824279785156,-28.290903091430664,0.6600649356842041,2.542637825012207,0.0,-199.85243225097656,179.86611938476562,109.52970886230469,0.1931583136320114,-0.08717479556798935,0.18170486390590668,0.960246741771698,1
83665,-199.89749145507812,269.0785827636719,-12.119078636169434,-209.72760009765625,215.66998291015625,69.96297454833984,-534.331041965168,-541.8701717481017,19.29602381036966,-205.2244873046875,-199.17759704589844,-8.292379379272461,0.6640869379043579,2.556072473526001,0.0,-203.21881103515625,176.50244140625,110.0484619140625,0.19038015604019165,-0.08489111065864563,0.1748473048210144,0.9622771739959717,1
83667,-203.65350341796875,265.4181823730469,-11.468236923217773,-212.5447998046875,212.23287963867188,69.61139678955078,-448.53259687987156,-437.1149264294654,77.7217236132783,-120.14138793945312,-196.29330444335938,-20.29047203063965,0.660610020160675,2.5600059032440186,0.0,-205.67141723632812,173.39918518066406,109.98619842529297,0.19068652391433716,-0.07795562595129013,0.1737373024225235,0.9630041122436523,1
83669,-206.75575256347656,262.4530334472656,-10.926229476928711,-214.9888916015625,209.5364227294922,69.43590545654297,-370.45712002331857,-354.0852072038688,64.72417532105464,-105.07508850097656,-152.96490478515625,7.046233177185059,0.6640288233757019,2.56899094581604,0.0,-207.1874542236328,170.82911682128906,109.78752136230469,0.18484492599964142,-0.07670164108276367,0.17252403497695923,0.9644607901573181,1
83671,-207.90444946289062,259.88616943359375,-10.21031379699707,-216.05418395996094,207.8494110107422,69.37340545654297,-137.01241945324,-306.1662733659614,85.39183790082461,-13.006332397460938,-79.58880615234375,3.074957847595215,0.6753842234611511,2.579374313354492,0.0,-207.72830200195312,169.31338500976562,109.76438903808594,0.17425966262817383,-0.0750298723578453,0.17028409242630005,0.9669578075408936,1
83673,-208.64022827148438,259.3440246582031,-10.8955717086792,-216.79994201660156,207.33299255371094,69.96287536621094,-87.85068852594122,-64.7311274020467,-81.81858278057916,6.09144401550293,-36.80411911010742,34.67387390136719,0.6856671571731567,2.5857746601104736,0.0,-208.20111083984375,168.77992248535156,110.28865814208984,0.1757885068655014,-0.07526862621307373,0.1675533801317215,0.9671395421028137,1
83674,-208.5621795654297,259.4324035644531,-11.119136810302734,-216.7612762451172,207.29953002929688,70.1747055053711,9.302464094362222,10.533699322491884,-26.646262772737828,36.792320251464844,-3.7172772884368896,25.801284790039062,0.685678243637085,2.589080810546875,0.0,-208.1415252685547,168.73965454101562,110.48558807373047,0.17737966775894165,-0.07579672336578369,0.16702981293201447,0.9668983221054077,1
83676,-208.18008422851562,260.97308349609375,-11.700226783752441,-216.2630615234375,207.9574432373047,70.61114501953125,45.51402860507369,183.52108415216208,-69.21766145410948,70.6156997680664,43.45285415649414,35.49734878540039,0.6798105835914612,2.588646411895752,0.0,-207.8143310546875,169.4097900390625,110.95586395263672,0.18867933750152588,-0.07404667139053345,0.16531695425510406,0.9651877880096436,1
83678,-206.92001342773438,263.2977294921875,-12.79019546508789,-215.35963439941406,209.21737670898438,71.52513885498047,150.18722655251622,277.07342686876655,-129.91283757815836,91.621337890625,82.24677276611328,45.95458984375,0.6736680865287781,2.5888280868530273,0.0,-207.06993103027344,170.56463623046875,111.82318878173828,0.19627197086811066,-0.07495036721229553,0.1613282561302185,0.9642784595489502,1
83680,-203.90625,264.92364501953125,-14.357203483581543,-213.74159240722656,211.05224609375,72.6016845703125,359.64717997121625,194.0284791099839,-186.99875698843243,141.33351135253906,109.3515853881836,75.17310333251953,0.6603038907051086,2.5877859592437744,0.0,-205.98110961914062,172.14642333984375,112.79263305664062,0.19285240769386292,-0.08135217428207397,0.15657800436019897,0.9652321338653564,1
83682,-200.42880249023438,266.72686767578125,-16.36543083190918,-211.18035888671875,212.5211944580078,73.75102233886719,415.02489165309817,215.21023263037205,-239.6770433813508,183.92771911621094,88.11744689941406,61.61198043823242,0.6464079022407532,2.5841410160064697,0.0,-204.1055908203125,173.38462829589844,113.91505432128906,0.1985607147216797,-0.08467220515012741,0.1531054526567459,0.9643458724021912,1
83683,-198.2580108642578,267.73828125,-17.06260108947754,-209.95848083496094,213.29446411132812,74.22502136230469,259.22650832042564,120.77861650800332,-83.2530443786818,178.18104553222656,92.64506530761719,57.25302505493164,0.6401236057281494,2.579350471496582,0.0,-203.06166076660156,173.96661376953125,114.27153778076172,0.19987232983112335,-0.08987659215927124,0.14885851740837097,0.9642688632011414,1
83685,-194.17642211914062,270.9859619140625,-17.985797882080078,-207.52442932128906,215.88018798828125,74.88200378417969,487.63852935971227,388.00925858784467,-110.29683644459874,179.74159240722656,166.6701202392578,41.53141403198242,0.6305683851242065,2.5765368938446045,0.0,-201.03265380859375,176.0693359375,114.48095703125,0.20015254616737366,-0.09820389747619629,0.14123956859111786,0.9645446538925171,1
83687,-189.61563110351562,273.81964111328125,-19.0638427734375,-204.56619262695312,218.66119384765625,75.73406982421875,544.4565017279238,338.27795628877357,-128.69446292173234,217.66188049316406,162.34730529785156,58.36996841430664,0.6346966624259949,2.5791068077087402,0.0,-198.87767028808594,178.4502716064453,115.06390380859375,0.1960606575012207,-0.1056048572063446,0.13812239468097687,0.9650543928146362,1
83689,-184.2393341064453,275.7261047363281,-20.37212371826172,-200.81129455566406,220.46778869628906,76.8948974609375,641.9373759278096,227.63442126568407,-156.2105734029319,272.9364929199219,98.12641906738281,64.45641326904297,0.6403159499168396,2.5770578384399414,0.0,-196.2904510498047,179.9282684326172,116.16309356689453,0.19580140709877014,-0.11251619458198547,0.1358543336391449,0.9646478891372681,1
83691,-178.6978302001953,277.53173828125,-21.451950073242188,-196.5760955810547,221.71681213378906,77.75250244140625,661.6282207891345,215.5837350175716,-128.9259381737793,275.10040283203125,75.93867492675781,52.3831787109375,0.6390339732170105,2.5729973316192627,0.0,-193.33026123046875,180.9243621826172,117.0568618774414,0.20053568482398987,-0.12060599774122238,0.1399417668581009,0.962110161781311,1
83693,-173.09767150878906,278.2278747558594,-22.992168426513672,-192.706787109375,222.35606384277344,79.22444152832031,668.4273396283388,83.08990465849638,-183.83837192039937,265.0545349121094,16.309675216674805,99.675048828125,0.6457465291023254,2.5744810104370117,0.0,-190.32699584960938,181.41677856445312,118.4786605834961,0.19820764660835266,-0.12732428312301636,0.1378859281539917,0.9620237946510315,1
83695,-167.177001953125,277.4464111328125,-24.997604370117188,-189.3964080810547,222.3768768310547,80.9338607788086,706.9268698735395,-93.30661469395272,-239.44868752002367,213.42750549316406,6.871493339538574,100.5911636352539,0.6566098928451538,2.581169605255127,0.0,-187.52816772460938,181.25161743164062,120.03644561767578,0.18396498262882233,-0.14243103563785553,0.12969571352005005,0.9638720154762268,1
83696,-164.52537536621094,276.52587890625,-25.640485763549805,-187.736572265625,222.305419921875,81.51668548583984,316.67514597426634,-109.93617225717753,-76.77723557084391,230.9087371826172,-8.29604721069336,70.3956527709961,0.6586411595344543,2.588372230529785,0.0,-186.22821044921875,181.12013244628906,120.57012176513672,0.17163920402526855,-0.14781790971755981,0.12851379811763763,0.9654915928840637,1
83698,-159.93235778808594,275.1692810058594,-26.734880447387695,-184.03041076660156,221.78099060058594,82.7102279663086,548.3690912928432,-161.96679965476505,-130.66185967807542,246.2270050048828,-38.2741813659668,87.91796875,0.6459200978279114,2.5894978046417236,0.0,-183.5690460205078,180.59278869628906,121.80829620361328,0.16820840537548065,-0.1481551229953766,0.12765946984291077,0.9661568403244019,1
83700,-155.13018798828125,272.34552001953125,-26.574310302734375,-181.12979125976562,220.94577026367188,83.75607299804688,573.5455995344091,-337.25498167751357,19.17764338242705,219.56451416015625,-87.98650360107422,50.37665939331055,0.6398339867591858,2.5956368446350098,0.0,-181.51434326171875,179.60409545898438,122.80390930175781,0.14765362441539764,-0.1522981971502304,0.11412179470062256,0.9705564975738525,1
83702,-151.95071411132812,268.97674560546875,-25.34840202331543,-178.49319458007812,219.1844482421875,84.43562316894531,379.7696607140824,-402.38050877675414,146.42761329672066,184.19003295898438,-113.84222412109375,42.14604568481445,0.6328532695770264,2.605741262435913,0.0,-179.82742309570312,177.94805908203125,123.59239959716797,0.12972012162208557,-0.14794889092445374,0.11226531863212585,0.9740022420883179,1
83704,-148.28236389160156,261.1017761230469,-24.63589096069336,-176.47377014160156,215.78067016601562,85.55394744873047,438.0933239188744,-940.4695161769632,85.09174998464005,129.87698364257812,-228.13999938964844,76.97804260253906,0.6295256018638611,2.632187604904175,0.0,-178.43421936035156,174.73316955566406,124.98384094238281,0.08533918112516403,-0.15227138996124268,0.10524208843708038,0.9790070056915283,1
83705,-145.6771240234375,252.1028594970703,-23.611499786376953,-175.65414428710938,213.46347045898438,86.11155700683594,171.65271990420297,-553.5412454074249,35.16247980517801,130.33261108398438,-277.18365478515625,67.38558959960938,0.6320589780807495,2.6440415382385254,0.0,-177.81082153320312,172.58700561523438,125.76216125488281,0.060556840151548386,-0.15448029339313507,0.10401352494955063,0.9806374907493591,1
83707,-144.43466186523438,246.64881896972656,-24.093477249145508,-174.23934936523438,208.07760620117188,87.07582092285156,288.0253983773291,-1173.1532776992535,29.635664751796867,90.49981689453125,-314.02398681640625,75.13372802734375,0.6415333151817322,2.6581437587738037,0.0,-176.68511962890625,167.63246154785156,127.208251953125,0.01475287415087223,-0.15532666444778442,0.09834325313568115,0.98284512758255,1
83709,-143.5522003173828,237.1226806640625,-22.923194885253906,-173.77084350585938,203.31790161132812,87.46186828613281,105.34338945476338,-1137.177818089258,139.70185004844097,45.915992736816406,-275.68206787109375,15.754931449890137,0.6540478467941284,2.6593713760375977,0.0,-176.32066345214844,163.63621520996094,128.4051055908203,-0.03412652760744095,-0.15229511260986328,0.09775694459676743,0.9828963279724121,1
83711,-143.66795349121094,229.6106414794922,-22.016571044921875,-173.87144470214844,198.83001708984375,87.4170913696289,-13.817975073121488,-896.7457804209553,108.22775058425032,17.33966064453125,-259.38397216796875,2.5963797569274902,0.6645253300666809,2.6587088108062744,0.0,-176.5985565185547,159.8392791748047,129.08737182617188,-0.060640282928943634,-0.14981472492218018,0.09880787134170532,0.9818937182426453,1
83713,-145.0602569580078,223.195556640625,-20.979564666748047,-174.3487091064453,194.333984375,87.23173522949219,-166.34449855214916,-766.4378464458277,123.89562339420081,3.4264965057373047,-269.570556640625,-15.459990501403809,0.6590432524681091,2.649078130722046,0.0,-177.1336669921875,155.89190673828125,129.50216674804688,-0.07734926044940948,-0.14100483059883118,0.10677975416183472,0.981189489364624,1
83715,-147.66311645507812,217.4358673095703,-20.914031982421875,-175.4231719970703,190.02980041503906,87.32855224609375,-310.7809513240354,-687.7058602859033,7.824590609146981,-33.81464767456055,-262.2738342285156,7.383834362030029,0.6531952619552612,2.6509058475494385,0.0071878498420119286,-178.11439514160156,151.955322265625,130.02586364746094,-0.09321458637714386,-0.13357824087142944,0.1160077452659607,0.9798010587692261,1
83716,-149.3161163330078,215.23233032226562,-21.186779022216797,-176.19076538085938,187.93463134765625,87.55561065673828,-197.34170403180178,-263.06701517512556,-32.56162708866759,-59.8287467956543,-250.9283447265625,27.843719482421875,0.6488005518913269,2.64540696144104,0.009378715418279171,-178.80047607421875,150.0236053466797,130.4380340576172,-0.09425994008779526,-0.13105975091457367,0.12281359732151031,0.9792115092277527,1
83718,-152.5469970703125,211.15188598632812,-21.54047203063965,-178.31964111328125,184.203125,87.76536560058594,-385.3575861499412,-486.68778192903847,-42.186108075795346,-99.37203979492188,-219.80517578125,7.028923988342285,0.6419551968574524,2.6402018070220947,0.028912389650940895,-180.2499542236328,146.5779571533203,131.0433807373047,-0.1039658859372139,-0.12763138115406036,0.12739089131355286,0.9780965447425842,1
83720,-155.3408660888672,207.11318969726562,-20.9188232421875,-180.03338623046875,181.09642028808594,87.131103515625,-333.20729104592465,-481.67005714960396,74.14016455548699,-62.00895309448242,-171.12423706054688,-53.036460876464844,0.6443808674812317,2.6545305252075195,0.058853521943092346,-181.57052612304688,144.0226287841797,130.9474334716797,-0.11870480328798294,-0.12293688952922821,0.13315190374851227,0.9762511253356934,1
83722,-158.617431640625,204.1943817138672,-20.557205200195312,-181.41134643554688,178.86041259765625,86.85037231445312,-390.3771423267899,-347.75312795082573,43.083959596347995,-52.75386428833008,-123.17545318603516,-10.035529136657715,0.6541616320610046,2.6639881134033203,0.07104535400867462,-182.71322631835938,142.1381378173828,131.05006408691406,-0.12587541341781616,-0.11345191299915314,0.142862930893898,0.9751278162002563,1
83724,-161.28805541992188,202.84637451171875,-20.643451690673828,-183.3529052734375,177.6856231689453,87.21308898925781,-318.5001461424399,-160.7641234282637,-10.285806647356367,-89.01539611816406,-52.86552810668945,24.471843719482422,0.65252685546875,2.6620688438415527,0.07207532227039337,-183.96388244628906,141.10784912109375,131.60797119140625,-0.12634609639644623,-0.11321976780891418,0.14405934512615204,0.9749178886413574,1
83726,-164.3699493408203,203.44094848632812,-20.873292922973633,-185.22923278808594,177.92025756835938,87.71516418457031,-367.8848393348744,70.9741336775478,-27.436085403125617,-76.684326171875,25.17107582092285,38.78201675415039,0.65040123462677,2.6540749073028564,0.05863358825445175,-185.66209411621094,141.43389892578125,132.20933532714844,-0.11698571592569351,-0.10630308836698532,0.14925460517406464,0.9760825037956238,1
83727,-167.16778564453125,205.30740356445312,-21.431299209594727,-186.12477111816406,178.39085388183594,87.97381591796875,-158.25734667666256,80.29479544702917,-14.6355157388316,-74.54232788085938,56.35009765625,31.45122718811035,0.6473389267921448,2.6554083824157715,0.05619184300303459,-186.3999786376953,141.87152099609375,132.42660522460938,-0.11390512436628342,-0.10450097918510437,0.15023575723171234,0.97649085521698,1
83729,-168.8386993408203,207.00379943847656,-22.15639877319336,-188.25985717773438,179.99542236328125,89.15126037597656,-375.2754960646853,345.070635087206,-138.55006709965528,-107.284912109375,120.53712463378906,84.07946014404297,0.6407170295715332,2.655818462371826,0.03981076925992966,-188.06419372558594,143.23965454101562,133.36932373046875,-0.09733788669109344,-0.10210573673248291,0.15129776298999786,0.9783704280853271,1
83731,-172.3969268798828,211.67295837402344,-24.17709732055664,-190.56423950195312,182.2507781982422,90.9144058227539,-424.9080794872716,557.5706821286585,-241.3030447201454,-100.05511474609375,135.8177490234375,109.7674331665039,0.6318749189376831,2.6537065505981445,0.0228091012686491,-189.75045776367188,144.96493530273438,134.63328552246094,-0.07101956754922867,-0.0981699749827385,0.14949871599674225,0.9813098311424255,1
83733,-175.67581176757812,216.24130249023438,-26.439029693603516,-192.66366577148438,184.72950744628906,92.58798217773438,-391.36845267377794,545.278602110222,-269.98476714268327,-87.40818786621094,147.12022399902344,93.97333526611328,0.635637104511261,2.649798631668091,0.0072389827109873295,-191.4801788330078,147.02676391601562,135.91867065429688,-0.04643118754029274,-0.09504419565200806,0.14919205009937286,0.9831340312957764,1
83735,-178.7584686279297,220.81381225585938,-28.65181541442871,-195.0399627685547,187.73374938964844,94.22228240966797,-367.7417815022636,545.471962440759,-263.97156735966564,-108.36502075195312,178.32643127441406,91.7026596069336,0.6399679183959961,2.650128126144409,0.01287946105003357,-193.1037139892578,149.47544860839844,136.9916534423828,-0.03336253762245178,-0.09630781412124634,0.14912979304790497,0.9835507273674011,1
83737,-182.51205444335938,225.9769287109375,-31.044933319091797,-197.44027709960938,191.00682067871094,95.87574005126953,-448.15962357097305,616.4506263448857,-285.72646851607715,-106.17208862304688,208.03494262695312,90.53157043457031,0.6417012810707092,2.6462581157684326,0.0037051369436085224,-194.98907470703125,152.1787872314453,138.0364990234375,-0.011902225203812122,-0.0909251794219017,0.1492832750082016,0.9845331311225891,1
83739,-186.4976043701172,231.41514587402344,-33.48185348510742,-199.69586181640625,194.03289794921875,97.4351806640625,-475.86761283513624,649.313511819928,-290.96395814442076,-105.87063598632812,176.44703674316406,93.87366485595703,0.6438305377960205,2.6355791091918945,0.0,-196.85520935058594,154.74472045898438,139.1083526611328,0.01884528063237667,-0.08275875449180603,0.15398195385932922,0.9844213724136353,1
83740,-187.94369506835938,232.9478302001953,-34.60820388793945,-200.757080078125,195.25192260742188,98.32452392578125,-172.70191256108228,183.04350813128985,-134.5163681776612,-94.86418151855469,146.21734619140625,107.10436248779297,0.6436355113983154,2.633704662322998,0.0,-197.763671875,155.69442749023438,139.70753479003906,0.02185732126235962,-0.08072178810834885,0.15534599125385284,0.9843139052391052,1
83742,-191.25624084472656,236.39569091796875,-36.593143463134766,-202.92755126953125,197.5806121826172,99.78075408935547,-395.72209850116633,411.8870411727112,-237.12410548352636,-94.6837158203125,130.88356018066406,76.86620330810547,0.6479736566543579,2.632657051086426,0.0,-199.61317443847656,157.5981903076172,140.75393676757812,0.03585493192076683,-0.0729685053229332,0.15793895721435547,0.9840961694717407,1
83744,-194.2205352783203,239.26473999023438,-37.793338775634766,-204.96583557128906,199.61190795898438,100.80844116210938,-354.40639901021495,343.0190128085669,-143.49347149580717,-80.27468872070312,117.93560028076172,56.67140197753906,0.6478736400604248,2.6332194805145264,0.0,-201.41883850097656,159.37689208984375,141.55807495117188,0.04852735623717308,-0.06782495975494385,0.15886099636554718,0.983772337436676,1
83746,-197.54747009277344,241.8555450439453,-39.09004592895508,-207.08941650390625,201.17288208007812,101.73641204833984,-397.10370295867324,309.23908578045666,-154.77526340447366,-95.98727416992188,72.49845123291016,66.25321960449219,0.64885014295578,2.631873607635498,0.0,-203.0357666015625,160.58319091796875,142.13087463378906,0.064383864402771,-0.0619029700756073,0.16048932075500488,0.9829882383346558,1
83748,-200.14956665039062,242.66990661621094,-40.061370849609375,-209.25030517578125,201.96865844726562,102.73920440673828,-310.8218155358918,97.27592223789543,-116.02527755137999,-95.88754272460938,39.579124450683594,62.006629943847656,0.6513195633888245,2.6429009437561035,0.0,-204.77015686035156,161.12635803222656,142.87059020996094,0.06567981094121933,-0.06004905700683594,0.15980087220668793,0.9831296801567078,1
83750,-202.4649200439453,242.18992614746094,-40.731605529785156,-211.17755126953125,202.08824157714844,103.74252319335938,-276.4601056384854,-57.31110052764416,-80.02802120824344,-94.54170227050781,5.11965799331665,73.08849334716797,0.6554069519042969,2.6531269550323486,0.0,-206.24642944335938,161.07736206054688,143.69851684570312,0.05830811336636543,-0.05640673637390137,0.15804459154605865,0.9840936660766602,1
83752,-205.00210571289062,241.03903198242188,-40.98704528808594,-213.22772216796875,201.88479614257812,104.26715087890625,-302.46200499648694,-137.1999538532691,-30.4513865095214,-83.93746948242188,-12.663772583007812,17.139963150024414,0.6592274904251099,2.6637537479400635,0.0,-207.7333526611328,160.68675231933594,144.05970764160156,0.04319828003644943,-0.053615570068359375,0.16068924963474274,0.9846005439758301,1
83753,-206.15423583984375,239.98423767089844,-40.66975021362305,-214.19692993164062,201.5609130859375,104.3852767944336,-137.55317554599606,-125.93222215410788,37.88195799800451,-85.4228515625,-39.04566192626953,14.958253860473633,0.6595050692558289,2.66841459274292,0.0,-208.48367309570312,160.35597229003906,144.19496154785156,0.03456951305270195,-0.05188596248626709,0.16266250610351562,0.9847099781036377,1
83755,-207.68299865722656,236.51060485839844,-40.04167938232422,-215.58152770996094,200.10523986816406,104.69563293457031,-182.62122271570843,-414.94930689781904,75.02737629387411,-48.85503005981445,-87.5324935913086,18.405635833740234,0.6504201889038086,2.6767289638519287,0.0,-209.55943298339844,159.02508544921875,144.69744873046875,0.014922892674803734,-0.05009257048368454,0.16502919793128967,0.9849027395248413,1
83757,-208.88916015625,233.1649932861328,-39.7115478515625,-216.73358154296875,198.39785766601562,104.75259399414062,-144.0250159377465,-399.49190917401575,39.42025924223708,-42.846187591552734,-99.41116333007812,3.5192599296569824,0.6443042159080505,2.683450222015381,0.007786679081618786,-210.4138641357422,157.5230255126953,144.97132873535156,-0.003900113282725215,-0.049630552530288696,0.16770431399345398,0.9845795631408691,1
83759,-209.57113647460938,230.46185302734375,-38.89960861206055,-217.40745544433594,196.34759521484375,104.31673431396484,-81.45053915167227,-322.84439437813126,96.97241243644385,-0.177154541015625,-121.96989440917969,-40.49044418334961,0.644206702709198,2.6908223628997803,0.010186889208853245,-210.82666015625,155.72958374023438,144.7296905517578,-0.010250110179185867,-0.052315205335617065,0.17009170353412628,0.983985185623169,1
83761,-209.78126525878906,228.0250244140625,-37.97845458984375,-217.7789764404297,194.1516571044922,103.70382690429688,-25.136692680069245,-291.50605046888813,110.1932115481759,6.957927703857422,-124.80154418945312,-28.79471206665039,0.6479195952415466,2.6947860717773438,0.0064044068567454815,-210.79664611816406,153.882080078125,144.35060119628906,-0.01323508471250534,-0.05720588192343712,0.1716761440038681,0.9834020733833313,1
83762,-209.230224609375,225.9468536376953,-37.54286575317383,-217.69447326660156,193.12022399902344,103.46881866455078,14.987152864225209,-132.7347659105435,20.204966476885602,42.20123291015625,-121.8605728149414,-27.20325469970703,0.6458752155303955,2.69866943359375,0.008950866758823395,-210.5989227294922,152.97462463378906,144.19692993164062,-0.015130585990846157,-0.05797284469008446,0.17208635807037354,0.9832581281661987,1
83764,-208.8092041015625,225.41322326660156,-37.206092834472656,-216.71327209472656,191.37057495117188,102.65760040283203,100.82638160092756,-178.65886688232422,71.8354801138048,98.56967163085938,-91.2241439819336,-52.139976501464844,0.6437845230102539,2.7039363384246826,0.002331756753847003,-209.56741333007812,151.4103240966797,143.51815795898438,-0.010424195788800716,-0.05769985541701317,0.17346404492855072,0.9830932021141052,1
83766,-207.27081298828125,224.6246795654297,-36.32469177246094,-215.41197204589844,190.24876403808594,101.68193817138672,183.03768592653796,-93.82088408363052,104.86904752050759,114.99220275878906,-58.91386795043945,-60.847713470458984,0.6398712396621704,2.7051475048065186,0.0,-208.3212432861328,150.48605346679688,142.71502685546875,-0.006524692289531231,-0.06033390387892723,0.17285418510437012,0.9830761551856995,1
83768,-204.47885131835938,224.52818298339844,-36.0047492980957,-213.4767608642578,189.52589416503906,100.78353881835938,332.79017089982517,-11.50198957649991,38.135806758800754,161.8120574951172,-39.23354721069336,-53.58416748046875,0.6393821835517883,2.7032382488250732,0.0,-206.548828125,149.88853454589844,141.9156951904297,-0.0032849288545548916,-0.0677412748336792,0.17030411958694458,0.9830548763275146,1
83770,-201.02999877929688,225.3437042236328,-35.6446418762207,-211.39320373535156,189.83787536621094,100.00209045410156,411.2195403864607,97.23763651424088,42.93694985099137,156.8331298828125,37.18086242675781,-51.4808464050293,0.638650119304657,2.6963911056518555,0.003813554532825947,-204.73751831054688,150.27537536621094,141.1434783935547,-0.002741951262578368,-0.07801520824432373,0.16395288705825806,0.9833745956420898,1
83772,-197.32351684570312,227.12033081054688,-35.45511245727539,-208.5771942138672,190.6898193359375,99.06635284423828,442.66485567810014,212.18237827147823,22.635484102531336,208.5377197265625,62.70992660522461,-44.41999435424805,0.6389948725700378,2.6884210109710693,0.00930820219218731,-202.39112854003906,151.14910888671875,140.1869354248047,0.0035961628891527653,-0.08387928456068039,0.1583644598722458,0.9838048815727234,1
83774,-192.9324951171875,229.6104278564453,-35.10535430908203,-205.41140747070312,192.31143188476562,98.19676971435547,525.9338637138717,298.25094051961787,41.89222135936143,221.45892333984375,112.38306427001953,-54.09173583984375,0.6388732194900513,2.678208827972412,0.020002739503979683,-199.5358123779297,152.6038055419922,139.0752716064453,0.009381966665387154,-0.09406042098999023,0.14912207424640656,0.9842902421951294,1
83775,-190.9230194091797,231.4713134765625,-35.081298828125,-204.00401306152344,193.45562744140625,97.68748474121094,240.4094411006663,222.6324359641876,2.877947073080577,201.37510681152344,137.8004913330078,-60.59897232055664,0.6379987001419067,2.6720738410949707,0.034915030002593994,-198.19027709960938,153.6145477294922,138.3650665283203,0.011856324039399624,-0.10004299879074097,0.14650043845176697,0.9840673208236694,1
83777,-185.17889404296875,234.25643920898438,-34.39584732055664,-199.77171325683594,195.98223876953125,96.16339111328125,685.8020361914532,332.5214504508767,81.83735723563586,284.2643127441406,177.07467651367188,-81.42533874511719,0.6431822180747986,2.663851022720337,0.03845864161849022,-194.7247772216797,156.04856872558594,136.76812744140625,0.010723991319537163,-0.11244817823171616,0.14611099660396576,0.9827980399131775,1
83779,-179.47409057617188,238.14622497558594,-32.43467712402344,-195.8662109375,199.8583526611328,94.03025817871094,680.9989011706784,464.334985116031,234.11056254978757,274.950927734375,242.4343719482422,-149.81312561035156,0.6531193852424622,2.656778335571289,0.04392422363162041,-191.355712890625,159.77552795410156,134.48641967773438,0.004297982901334763,-0.12162592262029648,0.14617517590522766,0.981744110584259,1
83781,-174.45420837402344,244.1911163330078,-30.270145416259766,-191.09906005859375,203.85183715820312,91.89069366455078,599.2855492847739,721.6535949686076,258.40697474460467,331.18096923828125,234.39456176757812,-126.96073913574219,0.6477892994880676,2.632570505142212,0.004907654598355293,-187.22283935546875,163.64381408691406,132.1283416748047,0.02779662236571312,-0.11252592504024506,0.1460016667842865,0.9824707508087158,1
83783,-167.1116943359375,249.22645568847656,-27.840316772460938,-185.63877868652344,208.15354919433594,89.531494140625,876.9973451535916,601.4260543170385,290.22120471767266,349.7231750488281,275.56390380859375,-150.75144958496094,0.6631646752357483,2.625586748123169,0.0,-183.12791442871094,167.90956115722656,129.88169860839844,0.03521408140659332,-0.11701411008834839,0.14689505100250244,0.9815750122070312,1
83784,-164.0148468017578,252.8975067138672,-26.884170532226562,-182.95510864257812,210.54356384277344,88.38098907470703,369.64532318583224,438.18329050275497,114.12734468956478,352.8648376464844,285.8403015136719,-136.85140991210938,0.6649312973022461,2.610569953918457,0.0,-181.1461944580078,170.33299255371094,128.84365844726562,0.052460186183452606,-0.11648854613304138,0.14879697561264038,0.9805803298950195,1
83786,-157.27239990234375,259.1573791503906,-26.046142578125,-177.88235473632812,215.8760528564453,86.91693115234375,805.1430783311371,747.5168938951101,100.0723352751229,339.81927490234375,321.5066833496094,-80.8873519897461,0.6631277203559875,2.599203109741211,0.0,-177.071044921875,175.5240478515625,127.3030776977539,0.06156601384282112,-0.12396743893623352,0.14829303324222565,0.979209303855896,1
83788,-149.5196533203125,266.4188537597656,-24.114593505859375,-172.3849639892578,221.68223571777344,84.80551147460938,925.7747802482918,867.1107703112066,230.65108590805903,357.94970703125,363.973388671875,-125.37471008300781,0.6631148457527161,2.591200351715088,0.0,-172.7657928466797,181.10211181640625,125.01876068115234,0.08231870830059052,-0.13078975677490234,0.13798430562019348,0.9783036112785339,1
83790,-143.39718627929688,275.3132019042969,-23.967496871948242,-166.7619171142578,227.35934448242188,83.20137023925781,731.0311221005395,1061.9976001325995,17.56354368670145,368.1993713378906,340.56085205078125,-96.31402587890625,0.6773202419281006,2.5607528686523438,0.0,-168.50985717773438,186.6844024658203,123.35784149169922,0.12489677220582962,-0.12975996732711792,0.13765710592269897,0.9739680290222168,1
83792,-136.54637145996094,282.88018798828125,-22.229703903198242,-161.08705139160156,233.4001007080078,81.20585632324219,818.2031126751099,903.7365234293975,207.54722667485476,379.2005310058594,351.40020751953125,-111.31671142578125,0.6747528314590454,2.5475869178771973,0.0,-164.1361541748047,192.66864013671875,121.34869384765625,0.1462881863117218,-0.13548628985881805,0.1342090368270874,0.9706858992576599,1
83794,-129.94943237304688,289.33966064453125,-22.928253173828125,-156.20262145996094,239.52001953125,80.33653259277344,788.73017211759,772.2946828566492,-83.51856507959019,319.7742004394531,375.2934265136719,-41.6715087890625,0.6921796202659607,2.5490481853485107,0.0,-160.18797302246094,198.46971130371094,120.21232604980469,0.1493968516588211,-0.14593061804771423,0.1264316290616989,0.9697421789169312,1
83795,-126.68045043945312,292.583740234375,-23.23194122314453,-153.69500732421875,242.60682678222656,79.90608215332031,390.28477361099795,387.3116750163026,-36.257411017722916,330.0129699707031,366.86456298828125,-50.49977493286133,0.6916629672050476,2.5490987300872803,0.0,-158.0731964111328,201.3239288330078,119.5160903930664,0.1511240303516388,-0.15014012157917023,0.1235479936003685,0.9692034721374512,1
83797,-120.14495849609375,298.63916015625,-23.76702308654785,-148.52857971191406,247.76759338378906,79.21050262451172,780.5643701017834,723.2271232195199,-63.907329590496374,327.5387268066406,314.092529296875,-37.361000061035156,0.6976579427719116,2.5452239513397217,0.0,-153.78195190429688,206.15269470214844,118.51974487304688,0.16256853938102722,-0.1560649275779724,0.11409878730773926,0.9675725698471069,1
83799,-113.92762756347656,303.98333740234375,-23.467514038085938,-143.52883911132812,252.66697692871094,78.2817153930664,742.4269730697852,638.1615164717659,35.76512150737108,323.0172119140625,284.4207763671875,-44.82304763793945,0.7089038491249084,2.5462934970855713,0.0,-149.7508087158203,210.87344360351562,117.2948226928711,0.1655927300453186,-0.1639508306980133,0.11272715032100677,0.9659149646759033,1
83801,-108.49763488769531,308.44482421875,-23.216461181640625,-139.145751953125,257.1697998046875,77.53601837158203,647.918945546262,532.3546469127759,29.95619179191999,277.2949523925781,256.3158874511719,-32.53489303588867,0.7228147387504578,2.5516390800476074,0.0,-146.01165771484375,215.0662841796875,116.13700103759766,0.1607944518327713,-0.17036011815071106,0.11061149835586548,0.9658610820770264,1
83803,-103.79946899414062,312.2529602050781,-23.302627563476562,-135.07962036132812,260.84881591796875,77.07649993896484,560.7518641788047,454.5219138194807,-10.28443020931445,271.46820068359375,240.7640838623047,-24.116580963134766,0.7279768586158752,2.560171604156494,0.0,-142.43515014648438,218.3551025390625,115.22664642333984,0.16153760254383087,-0.17315633594989777,0.10922796279191971,0.9653971791267395,1
83805,-99.87130737304688,315.1556396484375,-23.368114471435547,-131.47679138183594,264.0031433105469,77.12487030029297,469.2396625117399,346.7403976118658,-7.822757196292514,237.66017150878906,180.30157470703125,-1.7489972114562988,0.7273355722427368,2.56938099861145,0.0,-139.4505157470703,221.0051727294922,114.73744201660156,0.15923461318016052,-0.1732729822397232,0.1054413840174675,0.9661795496940613,1
83806,-98.35159301757812,315.71148681640625,-23.570852279663086,-130.1571807861328,265.00341796875,77.32427978515625,181.37661901675165,66.33988792262971,-24.196585411496926,189.386474609375,119.41011810302734,24.375995635986328,0.727412760257721,2.5813088417053223,0.0,-138.28453063964844,221.8204803466797,114.74244689941406,0.15502524375915527,-0.17410391569137573,0.10220800340175629,0.9670618176460266,1
83808,-95.99723815917969,314.99615478515625,-23.586511611938477,-127.662353515625,265.5328369140625,77.75724029541016,281.0797072062269,-85.40144965052605,-1.8695229885634035,176.49252319335938,3.476917266845703,21.373884201049805,0.7232814431190491,2.5943427085876465,0.0,-136.10964965820312,222.13648986816406,114.86764526367188,0.14109408855438232,-0.17106938362121582,0.10198631882667542,0.9697558879852295,1
83810,-94.22810363769531,311.07818603515625,-22.129453659057617,-125.80625915527344,264.4828186035156,78.28304290771484,211.06353071006015,-467.4264774918556,173.83177607442485,130.45315551757812,-84.25812530517578,38.034690856933594,0.7185454368591309,2.6093502044677734,0.0,-134.41732788085938,220.91680908203125,115.24809265136719,0.11264674365520477,-0.1636866182088852,0.09626176953315735,0.9753209948539734,1
83812,-92.460205078125,303.8880920410156,-19.641632080078125,-124.1475830078125,261.65240478515625,78.49028015136719,210.83781906357035,-857.4834389565513,296.6951203686767,112.83512878417969,-173.9075469970703,14.862669944763184,0.7105780839920044,2.619757652282715,0.0,-133.00315856933594,218.25767517089844,115.58496856689453,0.07135383784770966,-0.15480801463127136,0.08718268573284149,0.9815000295639038,1
83814,-91.20756530761719,294.810546875,-17.443950653076172,-123.26651000976562,257.8346252441406,78.84768676757812,149.31932058068924,-1082.0771530992351,261.9718016774277,76.04204559326172,-252.80747985839844,31.911802291870117,0.6897993683815002,2.6258840560913086,0.0,-132.18362426757812,214.55740356445312,116.0671615600586,0.018053585663437843,-0.14991123974323273,0.07654421776533127,0.9855666756629944,1
83816,-89.49041748046875,283.85882568359375,-16.283611297607422,-122.57395935058594,251.92652893066406,78.90128326416016,204.6470453031361,-1305.209340378642,138.28746534883976,80.77096557617188,-381.1056213378906,-13.697576522827148,0.6778254508972168,2.6396639347076416,0.0,-131.6242218017578,209.1461944580078,116.65300750732422,-0.028268875554203987,-0.15330228209495544,0.06185260787606239,0.9858364462852478,1
83817,-88.1055908203125,273.1065368652344,-15.30146312713623,-122.30419921875,248.28329467773438,78.82823944091797,94.45132538396865,-706.3758415272459,47.386522657907335,64.38414001464844,-434.44232177734375,-8.093770027160645,0.6791450381278992,2.6472246646881104,0.0,-131.38182067871094,205.8757781982422,116.97543334960938,-0.050416842103004456,-0.15563353896141052,0.05535087734460831,0.9849734306335449,1
83819,-87.88192749023438,269.0421447753906,-14.785197257995605,-121.92698669433594,240.71263122558594,78.36044311523438,97.52514748834074,-1061.9680100586265,131.43817009258782,52.529136657714844,-457.44873046875,-36.380943298339844,0.6775863170623779,2.648320436477661,0.0,-131.0253143310547,199.2817840576172,117.46820831298828,-0.05731204152107239,-0.15648820996284485,0.05355289950966835,0.9845602512359619,1
83821,-87.92152404785156,260.63348388671875,-14.21658992767334,-122.08416748046875,233.32505798339844,77.94383239746094,-4.727131798281334,-1003.8460578338709,67.8817037048575,16.882917404174805,-427.0081481933594,-22.312345504760742,0.6827507019042969,2.6526944637298584,0.0,-131.15061950683594,192.70460510253906,117.8433609008789,-0.06552018225193024,-0.1576286256313324,0.053683795034885406,0.9838589429855347,1
83823,-87.66328430175781,252.27001953125,-13.748361587524414,-122.30648803710938,225.8939208984375,77.80317687988281,30.83214154560119,-998.543100819923,55.903410212820745,8.706855773925781,-438.5415954589844,-0.0711715817451477,0.6833477020263672,2.647566795349121,0.0,-131.29232788085938,186.08370971679688,118.49905395507812,-0.07101573050022125,-0.16123557090759277,0.052834875881671906,0.9829386472702026,1
83825,-87.19679260253906,244.55767822265625,-13.20344066619873,-122.20474243164062,218.7592315673828,77.56698608398438,55.6945896060206,-920.778836586047,65.05827891856461,35.78959274291992,-407.9105224609375,-14.465003967285156,0.6856488585472107,2.6407582759857178,0.0,-131.16806030273438,179.84390258789062,119.10710144042969,-0.07177846133708954,-0.16170746088027954,0.05146729201078415,0.9828782677650452,1
83826,-86.95756530761719,238.75228881835938,-12.734363555908203,-122.192626953125,215.6814727783203,77.5346908569336,20.94063468184322,-373.4030657677213,30.736520047212252,33.651432037353516,-368.9084167480469,-3.251805067062378,0.6853885650634766,2.6344316005706787,0.0,-131.15245056152344,177.24859619140625,119.49565124511719,-0.07031350582838058,-0.16220428049564362,0.05290982872247696,0.9828256964683533,1
83828,-87.005126953125,236.75302124023438,-12.735934257507324,-122.33937072753906,211.3165740966797,77.80860900878906,1.9401139905676246,-558.342946046032,25.075290189357474,22.567211151123047,-244.3812255859375,26.497859954833984,0.686379075050354,2.6204416751861572,0.0,-131.33969116210938,173.440185546875,120.25911712646484,-0.07050222158432007,-0.16119705140590668,0.05343516916036606,0.982949435710907,1
83830,-87.32868957519531,234.3356170654297,-12.725085258483887,-122.70915222167969,208.63949584960938,78.05233001708984,-38.60719573625829,-288.4424522003392,1.2944926276104525,5.126018524169922,-140.22854614257812,14.964763641357422,0.6863762736320496,2.6120834350585938,0.0,-131.75930786132812,171.16818237304688,120.80687713623047,-0.06506235897541046,-0.1606757938861847,0.05629521980881691,0.9832502603530884,1
83832,-88.11387634277344,234.28660583496094,-13.19412612915039,-123.41485595703125,207.59629821777344,78.52063751220703,-93.74617936974391,-5.851621286012232,-56.00042105761531,-13.960002899169922,-29.932453155517578,26.044347763061523,0.6820399761199951,2.598769187927246,0.0,-132.51995849609375,170.41854858398438,121.48670959472656,-0.05438263341784477,-0.16141808032989502,0.05993428826332092,0.9835622310638428,1
83834,-89.367919921875,235.887939453125,-13.642047882080078,-124.32017517089844,208.09530639648438,78.9920425415039,-149.8041220981395,191.29030350537505,-53.50733107246924,-23.36642837524414,48.18091583251953,30.402809143066406,0.6749257445335388,2.590134859085083,0.0,-133.36666870117188,170.9560089111328,122.00430297851562,-0.04432094469666481,-0.16161216795444489,0.06479713320732117,0.9837268590927124,1
83836,-91.3480224609375,240.0443572998047,-14.051846504211426,-125.53147888183594,210.29940795898438,79.3769302368164,-236.5117307268083,496.4599353563972,-48.94806175827398,-45.21529769897461,162.33258056640625,25.493812561035156,0.6724497079849243,2.58034086227417,0.0,-134.49169921875,173.171142578125,122.4161148071289,-0.026436230167746544,-0.15945905447006226,0.073021799325943,0.9841451644897461,1
83838,-94.68951416015625,248.08860778808594,-15.677484512329102,-127.42449951171875,214.1725311279297,80.24853515625,-399.0740997218527,960.7242245427333,-194.14982377926208,-90.6298828125,253.5698699951172,53.10550308227539,0.6734365820884705,2.5599634647369385,0.0,-136.08120727539062,176.68861389160156,123.07763671875,0.007833393290638924,-0.15632879734039307,0.08582901954650879,0.983937680721283,1
83839,-96.58418273925781,253.13973999023438,-16.851322174072266,-128.59417724609375,216.65362548828125,80.7034683227539,-226.28612332581542,603.272327961633,-140.19505934682093,-107.36648559570312,296.29779052734375,54.90348815917969,0.6747955083847046,2.5507490634918213,0.0,-137.05810546875,178.86817932128906,123.30267333984375,0.031334251165390015,-0.15524259209632874,0.09320259839296341,0.9829705953598022,1
83841,-100.06709289550781,262.3045654296875,-19.024044036865234,-130.86341857910156,222.2465362548828,81.49229431152344,-415.75953881442547,1094.0171945532784,-259.36064931959845,-109.28193664550781,361.7072448730469,49.85084533691406,0.6793211698532104,2.5391104221343994,0.0,-139.03526306152344,183.8502197265625,123.59536743164062,0.061992041766643524,-0.15272411704063416,0.10478396713733673,0.9807408452033997,1
83843,-103.93356323242188,271.9906311035156,-21.25131607055664,-133.4525604248047,228.84056091308594,82.3481216430664,-461.8151498247171,1156.9135362722445,-266.0276371758082,-123.08633422851562,400.0746765136719,57.19319152832031,0.6804850697517395,2.5242698192596436,0.0,-141.36289978027344,189.7661590576172,123.86122131347656,0.09081140160560608,-0.15035253763198853,0.11549930274486542,0.977653980255127,1
83845,-108.30535888671875,281.6963806152344,-23.37396812438965,-136.4498291015625,235.66085815429688,83.18102264404297,-522.3519655724522,1159.6647546454333,-253.6192357152613,-154.9752197265625,410.9481201171875,43.75952911376953,0.6816749572753906,2.5192813873291016,0.0,-144.1470184326172,195.9034423828125,124.0910415649414,0.11795347183942795,-0.14646288752555847,0.12179966270923615,0.9745770692825317,1
83847,-112.9776611328125,290.5063781738281,-25.279541015625,-139.9567108154297,242.6002960205078,83.97844696044922,-557.9164557480253,1051.995858604554,-227.5431720061315,-190.3512420654297,430.022216796875,58.78667068481445,0.682600200176239,2.523855447769165,0.0,-147.18917846679688,202.05581665039062,124.20406341552734,0.13649508357048035,-0.14462202787399292,0.12449665367603302,0.9720875024795532,1
83848,-115.70587158203125,294.8592529296875,-26.757991790771484,-141.95265197753906,246.04774475097656,84.60708618164062,-325.8083402737975,519.8289963416755,-176.5595441381447,-206.1824188232422,411.9934387207031,75.69990539550781,0.6819329857826233,2.5228755474090576,0.0,-148.92318725585938,205.11366271972656,124.48638916015625,0.14602059125900269,-0.1428568959236145,0.12614229321479797,0.9707512855529785,1
83850,-121.69268798828125,303.58746337890625,-29.61981201171875,-146.1720733642578,252.75433349609375,85.86653137207031,-714.9291153140366,1042.2988365269266,-341.75068348742207,-216.32252502441406,390.4727783203125,74.8946304321289,0.6999103426933289,2.5302517414093018,0.0,-152.54847717285156,211.16258239746094,125.12681579589844,0.17470726370811462,-0.13687795400619507,0.13226211071014404,0.9660478830337524,1
83852,-128.17721557617188,311.6249694824219,-32.21637725830078,-150.82843017578125,259.2254333496094,86.97677612304688,-774.4157659064513,959.8804786882829,-310.0952285117819,-253.3409423828125,377.6363525390625,52.996612548828125,0.7081695199012756,2.533759593963623,0.0,-156.42054748535156,216.89288330078125,125.43326568603516,0.1982436180114746,-0.127756267786026,0.13011997938156128,0.963040292263031,1
83854,-135.1622772216797,319.6800537109375,-35.020973205566406,-155.900634765625,264.9964599609375,87.88233184814453,-833.605917756795,961.3037395651918,-334.7039578470867,-277.4509582519531,314.0045166015625,65.10060119628906,0.7133433818817139,2.5366358757019043,0.0,-160.55760192871094,221.7148895263672,125.36595916748047,0.22264327108860016,-0.11817902326583862,0.13191789388656616,0.9586768746376038,1
83856,-142.68858337402344,325.7727355957031,-38.22622299194336,-161.8516387939453,269.4704895019531,89.4240493774414,-897.4846187741496,726.5301421412732,-382.2143724125053,-322.17376708984375,251.20089721679688,83.2938003540039,0.7211591005325317,2.534590244293213,0.0,-165.37692260742188,225.1981964111328,125.98493194580078,0.23483812808990479,-0.11548319458961487,0.14181751012802124,0.9546740055084229,1
83858,-151.14646911621094,331.6339416503906,-40.971412658691406,-168.10049438476562,274.3173828125,90.98111724853516,-1008.398448318243,698.8071571290493,-327.29751673992723,-333.8234558105469,276.90753173828125,91.51667022705078,0.7179697155952454,2.5300025939941406,0.0,-170.50765991210938,229.35043334960938,126.7409439086914,0.24699793756008148,-0.10044243186712265,0.14665073156356812,0.952573835849762,1
83859,-155.01283264160156,333.58245849609375,-41.51362991333008,-170.87841796875,276.30975341796875,91.27644348144531,-460.7262456470635,232.19049243698828,-64.61206206146744,-298.3479919433594,237.33563232421875,35.7640495300293,0.7250950932502747,2.535684108734131,0.0,-172.95387268066406,231.15533447265625,126.83406829833984,0.24803724884986877,-0.09444144368171692,0.15128207206726074,0.9521933197975159,1
83861,-163.9462127685547,337.4561462402344,-43.54918670654297,-176.65045166015625,279.4453125,92.17414855957031,-1063.9902320627589,461.36690292530693,-242.44043284948566,-314.23663330078125,182.20533752441406,61.019474029541016,0.7224509119987488,2.538177967071533,0.0,-177.6007843017578,233.7024688720703,127.02050018310547,0.26038846373558044,-0.0757068395614624,0.1633821427822113,0.9485634565353394,1
83863,-173.2563934326172,340.0007019042969,-45.864990234375,-182.55029296875,282.1457214355469,93.18766784667969,-1110.0728315524757,303.39283553883433,-276.1182271556463,-323.55841064453125,161.3621063232422,63.221099853515625,0.7109529376029968,2.5526363849639893,0.0,-182.11636352539062,235.73191833496094,127.0953598022461,0.2661266326904297,-0.056386347860097885,0.17522111535072327,0.9462001919746399,1
83865,-181.81773376464844,341.5716552734375,-48.07036209106445,-188.39967346191406,284.2169494628906,94.38211059570312,-1022.0326674277894,187.53671738295816,-263.2721038935415,-315.641357421875,105.663818359375,80.71997833251953,0.705510139465332,2.565511465072632,0.0,-186.738525390625,237.2562255859375,127.56201171875,0.26385781168937683,-0.04280659183859825,0.18820220232009888,0.94505375623703,1
83867,-189.09634399414062,342.47998046875,-50.0211181640625,-194.0511474609375,285.0829772949219,95.6601333618164,-869.1685279204976,108.46681550331414,-232.94773738941876,-297.8163146972656,34.911781311035156,78.08133697509766,0.7068818807601929,2.577547550201416,0.0,-191.08018493652344,237.7598876953125,128.2721405029297,0.2676733732223511,-0.03318413719534874,0.19265204668045044,0.9434696435928345,1
83869,-195.93238830566406,342.4129638671875,-51.47560119628906,-199.3166046142578,285.33709716796875,97.04720306396484,-816.4390487226192,-8.003893470391631,-173.71109505719505,-273.1022033691406,9.815573692321777,82.50665283203125,0.7034785747528076,2.585437536239624,0.0,-195.37937927246094,237.7312774658203,129.20947265625,0.26364806294441223,-0.02624019794166088,0.1983194202184677,0.9436474442481995,1
83870,-199.33677673339844,342.2939758300781,-52.17263412475586,-201.58978271484375,285.34185791015625,97.68840789794922,-406.33242854615673,-14.201874760445207,-83.19470254721818,-236.84933471679688,0.8227975368499756,76.51280212402344,0.7017043232917786,2.589749336242676,0.0,-197.28445434570312,237.70846557617188,129.73760986328125,0.2668830454349518,-0.014337358996272087,0.20079918205738068,0.9424688816070557,1
83872,-205.3064422607422,340.1824951171875,-53.44990158081055,-205.93414306640625,284.5910339355469,98.95645904541016,-712.8242556364276,-252.12713519087993,-152.51561740611214,-222.74635314941406,-63.502174377441406,77.08264923095703,0.7007887363433838,2.604045867919922,0.0,-200.76463317871094,236.87913513183594,130.84555053710938,0.25326910614967346,-0.0036501882132142782,0.2071210741996765,0.9449562430381775,1
83874,-210.23428344726562,337.83905029296875,-54.474430084228516,-209.83734130859375,282.4573669433594,99.94591522216797,-588.3989454000257,-279.8143063019961,-122.33176113548689,-180.5813751220703,-156.60386657714844,55.2438850402832,0.6975494623184204,2.6091885566711426,0.0,-203.8572998046875,234.747314453125,131.75563049316406,0.25395771861076355,0.0020441412925720215,0.2114255726337433,0.9438223242759705,1
83876,-214.80528259277344,335.06146240234375,-55.47705078125,-212.8591766357422,279.69549560546875,100.77233123779297,-545.7836868823506,-331.64787638932467,-119.7143125924049,-140.83880615234375,-171.98391723632812,38.10272979736328,0.6991512179374695,2.6112465858459473,0.0,-206.0879364013672,231.9375,132.34762573242188,0.2588419020175934,0.01515340805053711,0.21717673540115356,0.9410661458969116,1
83878,-217.7205810546875,331.3746337890625,-55.72080612182617,-214.90887451171875,276.52410888671875,101.10663604736328,-348.178477862617,-440.3234836785123,-29.112066761415917,-71.82826232910156,-196.1334228515625,19.381942749023438,0.6985890865325928,2.6212828159332275,0.0,-207.48654174804688,228.9365234375,132.7524871826172,0.2533395290374756,0.022621065378189087,0.22464707493782043,0.9406598806381226,1
83880,-218.9821319580078,327.80059814453125,-54.95599365234375,-216.07667541503906,273.7206726074219,101.2563247680664,-150.58898632612545,-426.6259913784452,91.29424282905529,-29.856643676757812,-158.8739776611328,3.512571096420288,0.6916762590408325,2.6251838207244873,0.0,-208.27552795410156,226.37005615234375,133.09803771972656,0.2439110428094864,0.023853927850723267,0.22689402103424072,0.9425802230834961,1
83881,-219.11280822753906,326.30230712890625,-54.547428131103516,-216.4427490234375,272.51483154296875,101.14335632324219,-15.604171467013657,-178.91228452697396,48.787178206199314,-11.73373794555664,-144.44725036621094,-12.934805870056152,0.6905046105384827,2.629085063934326,0.0,-208.46392822265625,225.2434539794922,133.043212890625,0.2380947470664978,0.01919105462729931,0.22544772922992706,0.9445188641548157,1
83883,-218.17550659179688,324.00201416015625,-53.108943939208984,-216.3960723876953,270.1260681152344,100.55692291259766,111.91364511277061,-274.6545627824962,171.75475131283747,57.16680908203125,-142.4978485107422,-36.23124694824219,0.6885853409767151,2.635071039199829,0.0,-208.29232788085938,223.03761291503906,132.61172485351562,0.2335679680109024,0.009600728750228882,0.21956539154052734,0.9471772909164429,1
83885,-216.3888397216797,322.67694091796875,-51.885013580322266,-215.29901123046875,268.41802978515625,99.84932708740234,213.31355069822166,-158.20301084313542,146.12736992450664,125.48637390136719,-103.18065643310547,-57.00809097290039,0.6906207203865051,2.634138822555542,0.0,-207.35546875,221.51263427734375,132.07814025878906,0.23721590638160706,0.008028149604797363,0.21329014003276825,0.9477190971374512,1
83887,-211.6296844482422,321.34002685546875,-50.53986740112305,-212.98590087890625,266.6626892089844,99.09434509277344,568.1141393519938,-159.59130105376244,160.57399265025742,180.6876220703125,-102.51370239257812,-39.56943130493164,0.6886209845542908,2.628495693206787,0.0,-205.423583984375,219.87860107421875,131.4417266845703,0.23177142441272736,-0.011246263049542904,0.1977768838405609,0.9523863792419434,1
83889,-206.17822265625,320.9819641113281,-49.38847732543945,-209.94903564453125,265.400634765625,98.28947448730469,651.4134164834395,-42.78611579351127,137.58345403941348,226.06661987304688,-66.10498809814453,-36.76220703125,0.6922568082809448,2.612461805343628,0.0,-203.06959533691406,218.7650146484375,130.8596649169922,0.23162594437599182,-0.02547338604927063,0.18712139129638672,0.954298734664917,1
83891,-200.192626953125,323.1524353027344,-48.26712417602539,-206.40936279296875,265.498779296875,97.47413635253906,715.5333684328943,259.4636590410955,134.04941395961214,253.88299560546875,16.13979148864746,-55.792911529541016,0.6989328265190125,2.5920817852020264,0.0,-200.4752960205078,218.99246215820312,130.30039978027344,0.25353801250457764,-0.041539400815963745,0.17204919457435608,0.9509952664375305,1
83893,-192.96865844726562,323.3135070800781,-47.57506561279297,-201.88658142089844,265.849365234375,96.92923736572266,862.5977367314044,19.233216545078903,82.63714741359581,311.1370544433594,41.92073440551758,-28.696857452392578,0.702595591545105,2.585813045501709,0.0,-197.1405029296875,219.39846801757812,129.99061584472656,0.2440725415945053,-0.056604113429784775,0.1603168100118637,0.9547371864318848,1
83895,-185.69717407226562,324.34320068359375,-47.328495025634766,-197.09130859375,266.693359375,96.87631225585938,867.6958695799112,122.87187053239904,29.422916835610522,310.6107482910156,52.36967849731445,5.173483848571777,0.7014530301094055,2.570139169692993,0.0,-193.83958435058594,220.3953857421875,130.34979248046875,0.24564242362976074,-0.06894630193710327,0.14687666296958923,0.9556847810745239,1
83896,-182.4438934326172,325.32476806640625,-47.44639205932617,-194.70541381835938,267.2979736328125,96.7957763671875,388.5287342268275,117.22540261503309,-14.080059589992743,319.9667053222656,73.18282318115234,-9.091385841369629,0.7001015543937683,2.567539930343628,0.0,-192.18051147460938,221.0130157470703,130.40557861328125,0.2533932626247406,-0.0742245614528656,0.14408686757087708,0.953688383102417,1
83898,-174.10939025878906,326.0318603515625,-47.5196647644043,-189.2478485107422,267.91107177734375,96.4928970336914,994.7026567580178,84.38974224962294,-8.744918909855187,373.0628967285156,24.407499313354492,-26.473709106445312,0.7121019959449768,2.567824602127075,0.0,-187.7644805908203,221.50741577148438,130.06954956054688,0.2497037947177887,-0.09171973913908005,0.1311255544424057,0.9550086855888367,1
83900,-165.4117431640625,327.1047668457031,-47.21293640136719,-183.2250518798828,268.6229553222656,96.17046356201172,1038.4836813766742,128.10313797206618,36.622824099467834,409.7898864746094,35.7605094909668,-9.599356651306152,0.7171623706817627,2.566171169281006,0.0,-183.13308715820312,222.39930725097656,129.97315979003906,0.2547054588794708,-0.10250863432884216,0.12002521753311157,0.954049825668335,1
83902,-156.959716796875,327.00469970703125,-47.451045989990234,-177.64247131347656,269.4326171875,96.36458587646484,1007.5797260692343,-11.929165361216292,-28.385428967740154,355.02423095703125,52.493133544921875,15.013129234313965,0.7257876396179199,2.570185899734497,0.0,-178.91697692871094,223.19508361816406,130.31192016601562,0.24019289016723633,-0.1221839189529419,0.11283291131258011,0.9563719034194946,1
83904,-149.0712127685547,326.7456359863281,-47.240257263183594,-171.49024963378906,269.6958312988281,96.15935516357422,941.0619624706451,-30.905100958887488,25.146117971569765,390.5830078125,23.417991638183594,-15.998927116394043,0.7310112118721008,2.5689380168914795,0.0,-174.27085876464844,223.5438690185547,130.27420043945312,0.2321879118680954,-0.13300254940986633,0.11718089133501053,0.9563826322555542,1
83906,-142.16415405273438,326.083251953125,-46.92939376831055,-165.29920959472656,269.187255859375,95.76237487792969,823.7944359075045,-79.00154080591165,37.07621839331114,400.62359619140625,-35.25370788574219,-18.907373428344727,0.7280259728431702,2.567528247833252,0.0,-169.20082092285156,223.18182373046875,130.01034545898438,0.23202161490917206,-0.13561633229255676,0.11965081095695496,0.9557498693466187,1
83908,-135.2770538330078,324.8321838378906,-46.88428497314453,-160.05722045898438,268.4795227050781,95.90574645996094,821.0876104527852,-149.15370714501478,5.377919828606537,337.0234069824219,-53.037811279296875,16.37157440185547,0.730390191078186,2.57255482673645,0.0,-164.7570037841797,222.37966918945312,130.00796508789062,0.2243756353855133,-0.14560076594352722,0.11304208636283875,0.9569103717803955,1
83909,-132.18417358398438,324.13037109375,-46.766361236572266,-157.67221069335938,268.19183349609375,96.05668640136719,368.63400969828945,-83.64761164342053,14.055086634849431,316.90545654296875,-34.08572006225586,18.63973045349121,0.7305861115455627,2.57696270942688,0.0,-162.68783569335938,222.02798461914062,130.04998779296875,0.21808496117591858,-0.14823362231254578,0.1101280152797699,0.9582992792129517,1
83911,-126.45588684082031,321.597412109375,-46.24601364135742,-152.9153594970703,266.623046875,96.13993835449219,684.4739758810028,-302.6637081056833,62.17642434919253,332.6119384765625,-108.10371398925781,6.152653217315674,0.7263161540031433,2.584543466567993,0.0,-158.77236938476562,220.5244598388672,130.13766479492188,0.20360611379146576,-0.15259981155395508,0.11062345653772354,0.9607394337654114,1
83913,-121.07000732421875,316.7832336425781,-44.95146179199219,-148.31198120117188,263.8621520996094,96.43733978271484,643.0388896956574,-574.7815127582289,154.56104825652437,295.9690246582031,-146.86102294921875,4.153916358947754,0.7210491299629211,2.586367130279541,0.0,-155.16954040527344,217.78277587890625,130.3950958251953,0.17836090922355652,-0.14923933148384094,0.10879167914390564,0.9664778113365173,1
83915,-116.76828002929688,311.6148986816406,-42.55562210083008,-144.4290771484375,260.0426330566406,96.01800537109375,513.5981848412193,-617.0654884893447,286.04763440118404,252.8529510498047,-231.93545532226562,-19.505996704101562,0.7137336730957031,2.5980722904205322,0.0,-151.6885528564453,214.10986328125,130.08377075195312,0.16199882328510284,-0.14467644691467285,0.1067618802189827,0.9702715873718262,1
83917,-113.33251953125,305.3508605957031,-40.473209381103516,-140.71070861816406,255.37832641601562,95.44325256347656,410.0605266254861,-747.617523916997,248.5374801264843,249.35340881347656,-301.85919189453125,-35.98801040649414,0.7031638026237488,2.6045076847076416,0.0,-148.39642333984375,209.7136993408203,129.7722625732422,0.1464664489030838,-0.13556791841983795,0.1039033979177475,0.9743577241897583,1
83919,-111.10337829589844,298.7781066894531,-38.7073860168457,-138.00564575195312,250.35604858398438,94.88087463378906,266.1378680149792,-784.7231408469379,210.82220273965504,196.8840789794922,-319.96478271484375,-47.841835021972656,0.6980630159378052,2.605931520462036,0.0,-145.82028198242188,204.84356689453125,129.43251037597656,0.12816624343395233,-0.1305495798587799,0.10437305271625519,0.9775665998458862,1
83920,-109.90888977050781,295.0989990234375,-37.96110153198242,-136.90570068359375,247.80479431152344,94.70933532714844,142.53850929974578,-439.0285139789339,89.05424851289717,163.4559783935547,-304.1868896484375,-19.848827362060547,0.6971201300621033,2.6050992012023926,0.0,-144.7393341064453,202.35610961914062,129.3626251220703,0.11428724229335785,-0.13016167283058167,0.10255123674869537,0.9795302748680115,1
83922,-107.16423034667969,286.78973388671875,-35.35240173339844,-134.33425903320312,241.60240173339844,93.77671813964844,327.88582803541794,-992.6514947777614,311.6436546292971,193.94139099121094,-387.48907470703125,-60.86464309692383,0.691640317440033,2.6120662689208984,0.0,-142.36459350585938,196.57028198242188,128.9651641845703,0.09659603238105774,-0.1275150179862976,0.09885342419147491,0.982159435749054,1
83924,-104.71778869628906,278.1492919921875,-32.68252944946289,-131.98208618164062,235.32614135742188,92.87786102294922,292.1434370998759,-1031.8040459812619,318.8245530082786,185.98207092285156,-406.2186279296875,-62.69104766845703,0.6812647581100464,2.6196975708007812,0.0,-140.24583435058594,190.87847900390625,128.7702178955078,0.07740086317062378,-0.1236599013209343,0.09550455957651138,0.9846807718276978,1
83926,-103.01303100585938,270.8634948730469,-31.659374237060547,-130.10879516601562,228.90536499023438,92.04866027832031,203.69098372233566,-870.5349685356487,122.25050685199676,144.66798400878906,-390.61590576171875,-47.6258430480957,0.6786108016967773,2.618013620376587,0.0,-138.41436767578125,185.0032501220703,128.58740234375,0.06845655292272568,-0.12075542658567429,0.09372521936893463,0.9858739376068115,1
83928,-101.5003662109375,262.5833435058594,-30.53415298461914,-128.55075073242188,222.8420867919922,91.33319091796875,180.6334714437835,-988.7666392158717,134.3672581348801,125.22935485839844,-374.1115417480469,-38.457679748535156,0.6766350269317627,2.617948532104492,0.0,-136.80433654785156,179.471435546875,128.5203399658203,0.04387906193733215,-0.12009334564208984,0.09126133471727371,0.9875847101211548,1
83930,-100.09883117675781,256.85955810546875,-29.354310989379883,-127.17225646972656,217.27084350585938,90.61026763916016,167.2786682441365,-683.1560936705209,140.81874008782324,100.34695434570312,-309.08770751953125,-38.219608306884766,0.673528790473938,2.61317777633667,0.0,-135.33164978027344,174.52476501464844,128.49301147460938,0.04445268213748932,-0.1202075183391571,0.09113670140504837,0.9875566959381104,1
83931,-99.34623718261719,253.7872314453125,-28.945131301879883,-126.46473693847656,214.52191162109375,90.41828918457031,89.81073469971307,-366.6358178970404,48.829420171678066,117.113037109375,-329.6631774902344,-22.41912269592285,0.6721383929252625,2.6074938774108887,0.0,-134.5118408203125,172.009765625,128.57672119140625,0.04088713228702545,-0.12025892734527588,0.09094510972499847,0.9877221584320068,1
83933,-97.53585815429688,248.20884704589844,-28.274154663085938,-125.01849365234375,209.8621063232422,90.111083984375,216.19907901622355,-666.1818054039031,80.12937019229867,129.11297607421875,-269.92919921875,-19.486034393310547,0.6761285066604614,2.6026721000671387,0.0,-133.0316162109375,167.9269561767578,128.85679626464844,0.03226913511753082,-0.12194910645484924,0.09254685044288635,0.9876852631568909,1
83935,-95.43675231933594,244.21429443359375,-27.456039428710938,-123.13789367675781,206.0592803955078,89.44619750976562,250.71600493451115,-477.10708806465846,97.71521746180952,152.0491943359375,-206.181884765625,-48.231693267822266,0.6729230880737305,2.5959365367889404,0.0,-131.3105010986328,164.7733154296875,128.81765747070312,0.033336106687784195,-0.12314274907112122,0.09473580121994019,0.9872941374778748,1
83937,-93.16242980957031,240.84326171875,-26.82590103149414,-121.10745239257812,203.31178283691406,88.98192596435547,271.61494620959274,-402.59148189472035,75.25538094519288,157.32821655273438,-160.98910522460938,-28.606529235839844,0.6675963401794434,2.587301015853882,0.0,-129.5501251220703,162.60955810546875,128.89541625976562,0.030039222911000252,-0.12411417812108994,0.09549295902252197,0.9872053265571594,1
83939,-90.84107971191406,238.5887908935547,-26.46584129333496,-119.11001586914062,201.18841552734375,88.89820861816406,277.1945135006681,-269.2083991218824,42.99505880262586,154.0212860107422,-113.05885314941406,2.929212808609009,0.6661027669906616,2.5715408325195312,0.0,-127.87747192382812,161.07168579101562,129.31878662109375,0.032741304486989975,-0.12499615550041199,0.0960962325334549,0.9869495630264282,1
83941,-88.47441101074219,238.36705017089844,-25.9520263671875,-116.9862060546875,200.53582763671875,88.69989776611328,282.5235860210378,-26.470533919986337,61.33720170230663,160.1261444091797,-19.696928024291992,-13.050505638122559,0.6637809872627258,2.559537649154663,0.0,-126.13885498046875,160.88926696777344,129.4916229248047,0.04058511182665825,-0.12635712325572968,0.09957849234342575,0.9861393570899963,1
83942,-87.27615356445312,238.7183380126953,-25.64517593383789,-115.85379028320312,200.5124969482422,88.53022003173828,143.05274275981355,41.93814060813747,36.633025935821934,167.9794921875,-2.5382490158081055,-19.724828720092773,0.6635651588439941,2.55295991897583,0.0,-125.17741394042969,161.02346801757812,129.4483642578125,0.04603049159049988,-0.1271466761827469,0.1015324741601944,0.9855993390083313,1
83944,-84.79501342773438,240.21231079101562,-25.306880950927734,-113.65211486816406,201.02027893066406,88.38947296142578,296.15731190377846,178.32566389010753,40.38003790535731,164.80047607421875,42.55186462402344,-5.592161178588867,0.665519654750824,2.540449619293213,0.0,-123.2703857421875,161.73880004882812,129.47268676757812,0.05750404670834541,-0.13061614334583282,0.10550124943256378,0.9841250777244568,1
83946,-81.91609191894531,241.82449340820312,-25.65085792541504,-111.42628479003906,202.15469360351562,88.60735321044922,343.8111245892942,192.5326261818409,-41.07896310137585,166.96812438964844,76.74642181396484,18.457427978515625,0.6660429835319519,2.5286433696746826,0.0,-121.42301940917969,163.0384979248047,129.8062744140625,0.062430571764707565,-0.13475865125656128,0.10518604516983032,0.9832997918128967,1
83948,-79.56083679199219,244.84326171875,-26.274799346923828,-109.19241333007812,204.08114624023438,88.74885559082031,280.81096717505716,359.9199251329992,-74.39091928063135,165.97706604003906,124.02576446533203,9.743983268737793,0.662743866443634,2.513239860534668,0.0,-119.66184997558594,165.1018524169922,129.99082946777344,0.07604017108678818,-0.13656386733055115,0.10750224441289902,0.9818408489227295,1
83950,-77.4105224609375,248.52210998535156,-27.087200164794922,-107.25323486328125,206.8241424560547,89.02613830566406,256.3730110488832,438.6137383170426,-96.8591618668288,147.3618621826172,179.10794067382812,20.666048049926758,0.6614128947257996,2.496009349822998,0.0,-118.04631042480469,167.8207244873047,130.13046264648438,0.08424171060323715,-0.13842171430587769,0.1086759865283966,0.9807814955711365,1
83951,-76.44863891601562,250.4552459716797,-27.42268943786621,-106.37956237792969,208.29867553710938,89.2249984741211,114.6266915933229,230.3698651283048,-39.97991819304298,136.50404357910156,176.30149841308594,24.362632751464844,0.6585749387741089,2.490339756011963,0.0,-117.32606506347656,169.16879272460938,130.1548614501953,0.0883878543972969,-0.1386340856552124,0.10922176390886307,0.9803258776664734,1
83953,-74.44140625,254.7748260498047,-27.71299171447754,-104.56825256347656,211.65386962890625,89.30272674560547,239.33617070806213,515.0532733295113,-34.61473919209675,141.92922973632812,200.0784454345703,8.018194198608398,0.6560706496238708,2.4843573570251465,0.0,-115.98710632324219,172.23362731933594,129.83474731445312,0.0978778600692749,-0.13854730129241943,0.11050217598676682,0.9792925119400024,1
83955,-72.61387634277344,258.22509765625,-28.321834564208984,-103.00212097167969,214.3900146484375,89.60015869140625,217.71859651745763,411.04021815944,-72.53310067269194,119.10292053222656,151.2090606689453,22.234119415283203,0.6619559526443481,2.488650321960449,0.0,-114.70712280273438,174.5416717529297,129.67552185058594,0.10420358180999756,-0.13966332376003265,0.10935313999652863,0.9786100387573242,1
83957,-70.80335998535156,261.27288818359375,-29.247194290161133,-101.8280029296875,216.61865234375,89.89004516601562,216.34178651683033,364.1858549974859,-110.57286252209451,98.88064575195312,139.23231506347656,18.825336456298828,0.6730248928070068,2.4990410804748535,0.0,-113.60435485839844,176.41024780273438,129.5896759033203,0.10975127667188644,-0.14558711647987366,0.1090645119547844,0.9771714210510254,1
83959,-69.34027099609375,263.6842346191406,-29.909650802612305,-100.73008728027344,218.68060302734375,90.12445068359375,174.70877873827703,287.9410575586371,-79.10453096654965,100.48204040527344,118.00416564941406,11.322792053222656,0.6785168051719666,2.502971887588501,0.0,-112.63018798828125,178.22459411621094,129.5631561279297,0.112324059009552,-0.14783427119255066,0.10782895982265472,0.9766786694526672,1
83961,-68.24871826171875,265.3029479980469,-30.34073257446289,-99.77778625488281,220.17596435546875,90.3028564453125,130.29489702358842,193.22025072481483,-51.456748999102274,81.82713317871094,87.53850555419922,17.042991638183594,0.6788473129272461,2.506751775741577,0.0,-111.76625061035156,179.45675659179688,129.46656799316406,0.11265245825052261,-0.148523211479187,0.10663329064846039,0.976667582988739,1
83963,-67.65179443359375,266.6152648925781,-30.52188491821289,-99.25601196289062,220.9857177734375,90.26873016357422,71.25841501168907,156.659220978152,-21.62525314465165,57.93492889404297,37.39238739013672,-8.502510070800781,0.6757842302322388,2.509880542755127,0.0,-111.25123596191406,180.0955047607422,129.2515106201172,0.1178104355931282,-0.1492183804512024,0.10598636418581009,0.9760233163833618,1
83964,-67.72685241699219,266.4747009277344,-30.607513427734375,-99.193603515625,221.0992431640625,90.31316375732422,-8.96405014314223,-16.787320577073842,-10.226470500259893,39.670745849609375,13.855977058410645,5.943439960479736,0.6737956404685974,2.514014959335327,0.0,-111.16014099121094,180.06834411621094,129.15634155273438,0.11303595453500748,-0.14806750416755676,0.10620611160993576,0.9767390489578247,1
83966,-68.21806335449219,265.4070129394531,-30.22087287902832,-99.47216796875,220.56674194335938,90.09888458251953,-58.62094283849001,-127.41751404991373,46.141548924162635,10.494146347045898,-44.79188537597656,-21.472557067871094,0.6711907386779785,2.5268352031707764,0.0,-111.23063659667969,179.371337890625,128.82211303710938,0.10485102236270905,-0.1472163051366806,0.10682420432567596,0.9777127504348755,1
83968,-69.13346862792969,263.194091796875,-29.425256729125977,-100.03382873535156,219.16383361816406,89.56121063232422,-109.32097855210304,-264.2749739214778,95.01533209718764,-2.7220191955566406,-102.30565643310547,-44.56710433959961,0.6721794009208679,2.540083646774292,0.0,-111.56973266601562,177.93280029296875,128.27268981933594,0.0956953689455986,-0.14517022669315338,0.10820896923542023,0.9788047671318054,1
83970,-70.88787841796875,259.2896423339844,-27.62807846069336,-100.74336242675781,216.73780822753906,88.55931091308594,-209.6236069157021,-466.51858880301006,214.73374865912774,-9.755592346191406,-164.07789611816406,-73.27997589111328,0.6721053123474121,2.5492942333221436,0.0,-111.96302795410156,175.51519775390625,127.32856750488281,0.07918590307235718,-0.1359238177537918,0.11135273426771164,0.9812516570091248,1
83972,-73.66571044921875,254.4932098388672,-25.798627853393555,-101.61595153808594,213.29608154296875,87.14899444580078,-331.8619587793946,-573.020062075695,218.56075356560177,-35.66036605834961,-223.22921752929688,-75.47348022460938,0.672103762626648,2.5514461994171143,0.0,-112.37417602539062,172.1976318359375,126.16641235351562,0.06355521082878113,-0.12298005819320679,0.11685416102409363,0.9834539890289307,1
83973,-76.24713134765625,249.22998046875,-22.932199478149414,-102.34620666503906,211.48422241210938,86.31687927246094,-171.2735543595627,-293.9300358896144,133.6680115473282,-54.37819290161133,-214.54112243652344,-98.02883911132812,0.6726416349411011,2.5438363552093506,0.0,-112.74472045898438,170.4724884033203,125.55728149414062,0.056425947695970535,-0.12037520855665207,0.11696634441614151,0.9841975569725037,1
83975,-77.5362548828125,246.97340393066406,-21.561050415039062,-103.84480285644531,206.9533233642578,84.56249237060547,-291.0838953740895,-604.3457502163947,372.52565305063035,-62.13723373413086,-266.91998291015625,-96.86287689208984,0.6716057062149048,2.537090539932251,0.0,-113.59403991699219,166.46861267089844,124.5704574584961,0.05619027838110924,-0.11517965793609619,0.11705225706100464,0.9848223328590393,1
83977,-79.60362243652344,242.20286560058594,-19.673274993896484,-105.28359985351562,201.99444580078125,83.11386108398438,-246.84002978669014,-569.5938399445731,225.3970467655745,-46.8259391784668,-295.6230163574219,-83.34332275390625,0.671983003616333,2.532348871231079,0.0,-114.29876708984375,162.22140502929688,123.97201538085938,0.06028115004301071,-0.1127503365278244,0.11805763095617294,0.9847415685653687,1
83979,-81.10348510742188,237.83645629882812,-18.090227127075195,-106.5279541015625,197.96783447265625,81.93533325195312,-179.02870146848727,-521.1894412342226,188.95796892505314,-39.09514236450195,-234.60372924804688,-62.299800872802734,0.6804274320602417,2.5243186950683594,0.0,-115.02325439453125,158.8654022216797,123.47822570800781,0.05770833417773247,-0.11247804760932922,0.1215171292424202,0.9845059514045715,1
83981,-81.95530700683594,233.607421875,-16.685333251953125,-107.12890625,194.47569274902344,80.9352035522461,-101.7141259595519,-504.97943333978765,167.75519938177604,-6.516059875488281,-190.91592407226562,-49.26203536987305,0.6851025223731995,2.514230489730835,0.0,-115.33540344238281,156.05299377441406,123.0765609741211,0.048816073685884476,-0.11189204454421997,0.12942719459533691,0.9840456247329712,1
83983,-81.95156860351562,230.16275024414062,-15.708077430725098,-107.20016479492188,191.75668334960938,80.15174102783203,0.4466550290817395,-411.56070536817424,116.76006836373563,33.39452362060547,-130.37367248535156,-50.507225036621094,0.6808550357818604,2.5062100887298584,0.0,-115.30183410644531,153.8678436279297,122.80867767333984,0.04243818297982216,-0.1129114031791687,0.13067017495632172,0.9840606451034546,1
83985,-81.22489929199219,228.23016357421875,-15.146024703979492,-106.69631958007812,190.30792236328125,79.67572784423828,86.80794300953858,-230.8668755418621,67.14283966306539,64.83009338378906,-61.96974563598633,-19.576799392700195,0.6767492294311523,2.503330707550049,0.0,-114.79454040527344,152.7332305908203,122.6421127319336,0.03789803385734558,-0.11411291360855103,0.1302066296339035,0.9841687679290771,1
83986,-80.65946960449219,227.80584716796875,-15.146964073181152,-106.16946411132812,189.84686279296875,79.61360168457031,67.53997913002968,-50.68414668738842,-0.11220665925065987,95.04997253417969,-54.74678421020508,-6.790148735046387,0.67561274766922,2.503948926925659,0.0,-114.36447143554688,152.4319305419922,122.7052230834961,0.03881141170859337,-0.1137453243136406,0.13017399609088898,0.9841800928115845,1
83988,-79.46817016601562,228.3781280517578,-15.979178428649902,-105.01115417480469,189.712890625,79.99024963378906,142.26358616084326,68.34111407224555,-99.3820653646253,103.8243408203125,7.2505879402160645,35.873443603515625,0.6736283898353577,2.496286630630493,0.0,-113.54899597167969,152.5503387451172,123.25003051757812,0.048446960747241974,-0.11481055617332458,0.13279074430465698,0.9832792282104492,1
83990,-77.71072387695312,229.59486389160156,-17.549468994140625,-103.73886108398438,190.832275390625,80.96220397949219,209.86382781900465,145.29538819100708,-187.514799691402,119.8656005859375,72.04155731201172,56.767398834228516,0.6717780232429504,2.4864871501922607,0.0,-112.536865234375,153.6348419189453,124.13015747070312,0.04820017144083977,-0.11873859167098999,0.1329585313796997,0.9828020930290222,1
83992,-75.69081115722656,232.52757263183594,-18.406339645385742,-101.92724609375,192.46653747558594,81.60443115234375,241.0077557816403,349.91885785083286,-102.23831487119605,150.6356964111328,96.88961791992188,31.393604278564453,0.6693576574325562,2.478749990463257,0.0,-111.09732055664062,155.25100708007812,124.67472076416016,0.0676480308175087,-0.12108289450407028,0.1340590864419937,0.9812190532684326,1
83994,-73.31631469726562,235.68585205078125,-18.8326416015625,-100.11105346679688,194.80140686035156,82.18087768554688,282.7454775676597,376.07519642985426,-50.76232044128119,136.8413543701172,148.26441955566406,38.87319564819336,0.671732485294342,2.480626344680786,0.0,-109.62286376953125,157.57557678222656,125.16728210449219,0.07661128789186478,-0.1263783872127533,0.13510876893997192,0.9797473549842834,1
83996,-70.52076721191406,238.873291015625,-19.668567657470703,-98.12330627441406,197.60887145996094,83.10897064208984,333.27939463744406,379.99988703941926,-99.65737707357039,149.91146850585938,170.47804260253906,67.5178451538086,0.6761395335197449,2.479656219482422,0.0,-108.03268432617188,160.26812744140625,125.9149169921875,0.08057686686515808,-0.13086065649986267,0.13362450897693634,0.9790440797805786,1
83997,-67.72637939453125,242.1779327392578,-20.95792007446289,-97.04244995117188,199.13018798828125,83.6237564086914,172.4989516241476,184.34402991086245,-70.62055307265837,161.02330017089844,181.58436584472656,61.97819519042969,0.6761417984962463,2.479001045227051,0.0,-107.15306091308594,161.6489715576172,126.27476501464844,0.08030742406845093,-0.13252656161785126,0.13233914971351624,0.9790167212486267,1
83999,-66.32490539550781,243.71234130859375,-21.442514419555664,-94.73434448242188,201.95657348632812,84.48564147949219,327.49778388626873,392.3033846290782,-140.77137297115405,173.94129943847656,167.0742950439453,44.10969161987305,0.6743364334106445,2.472440481185913,0.0,-105.509765625,164.24249267578125,126.8194351196289,0.08628565073013306,-0.1347409188747406,0.1318362057209015,0.9782733917236328,1
84001,-63.807926177978516,246.80946350097656,-22.30753517150879,-92.60482788085938,204.92115783691406,85.1542739868164,300.1764062894799,369.3645950964419,-103.16287829424255,157.79515075683594,168.26971435546875,40.595184326171875,0.6680988669395447,2.4659643173217773,0.0,-103.96697998046875,166.96250915527344,127.14830780029297,0.08775988221168518,-0.13534139096736908,0.12877735495567322,0.978466808795929,1
84003,-61.65610885620117,249.55181884765625,-23.17530632019043,-90.56167602539062,207.35629272460938,85.72399139404297,257.20297875488177,327.7889609085396,-103.72317485301755,147.61053466796875,151.36439514160156,35.64403533935547,0.6594015955924988,2.46278977394104,0.0,-102.50303649902344,169.24972534179688,127.45820617675781,0.09208028763532639,-0.13455379009246826,0.12670744955539703,0.9784486293792725,1
84005,-59.97378158569336,252.30084228515625,-23.961843490600586,-88.92129516601562,209.71563720703125,86.16802978515625,200.86690091353375,328.22853680700064,-93.91114716097945,125.85185241699219,137.40423583984375,29.634685516357422,0.651562511920929,2.4685277938842773,0.0,-101.15859985351562,171.30776977539062,127.49566650390625,0.0947769433259964,-0.13438397645950317,0.12689605355262756,0.978190004825592,1
84006,-59.255191802978516,253.29930114746094,-24.24629020690918,-88.20738220214844,210.65281677246094,86.32154846191406,85.8359311206732,119.26644128980115,-33.97731130593456,117.6239013671875,112.4029769897461,18.99190330505371,0.6511666774749756,2.4729342460632324,0.0,-100.51130676269531,172.0224151611328,127.40438079833984,0.09414460510015488,-0.13395759463310242,0.12658636271953583,0.9783496260643005,1
84008,-57.93850326538086,254.829345703125,-24.43231773376465,-86.95631408691406,211.93161010742188,86.29515838623047,157.1977761411108,182.67008079681545,-22.209590717684478,108.73564147949219,70.14414978027344,-9.58592700958252,0.6520529985427856,2.483956813812256,0.0,-99.39218139648438,173.01763916015625,127.0487289428711,0.0956915020942688,-0.13396281003952026,0.12817879021167755,0.9779914617538452,1
84010,-56.72591781616211,255.44039916992188,-24.330135345458984,-85.98226928710938,212.59503173828125,86.05529022216797,144.75943748559803,72.9480600184761,12.198616651381599,87.42882537841797,24.9473876953125,-19.960412979125977,0.656149685382843,2.4962549209594727,0.0,-98.4578857421875,173.33851623535156,126.47360229492188,0.0939410924911499,-0.13540494441986084,0.12785029411315918,0.978005588054657,1
84012,-55.86054611206055,254.4846649169922,-23.913938522338867,-85.32554626464844,212.2292022705078,85.62092590332031,103.30877810087986,-114.09633269882761,49.68591536124586,72.1812515258789,-47.228309631347656,-37.75599670410156,0.6583330035209656,2.5086772441864014,0.0,-97.79147338867188,172.73448181152344,125.81470489501953,0.08458053320646286,-0.13580529391765594,0.12570656836032867,0.9790816903114319,1
84014,-55.584293365478516,252.125,-22.804040908813477,-84.9720458984375,210.96377563476562,84.79940032958984,32.988028572057374,-281.77346529695205,132.53563861368457,46.389549255371094,-87.6716537475586,-50.65763854980469,0.6603500247001648,2.5225911140441895,0.0,-97.32841491699219,171.3693389892578,124.90181732177734,0.07218580693006516,-0.1322871446609497,0.12294305860996246,0.9809048771858215,1
84016,-55.98720932006836,248.84107971191406,-20.873510360717773,-84.70951843261719,208.88363647460938,83.47384643554688,-48.12533083552262,-392.23999075067695,230.5875958914694,41.632568359375,-133.6779022216797,-76.50553131103516,0.656156063079834,2.532073736190796,0.0,-96.98359680175781,169.33470153808594,123.61387634277344,0.06196214258670807,-0.12265701591968536,0.12190216779708862,0.9829831123352051,1
84018,-56.67228317260742,245.14295959472656,-19.313907623291016,-84.81454467773438,206.27117919921875,82.37444305419922,-81.89982851711102,-442.1062084194273,186.44879858815693,20.323497772216797,-170.1082305908203,-64.30361938476562,0.6498054265975952,2.532336711883545,0.0,-97.01597595214844,166.9642791748047,122.77501678466797,0.054426807910203934,-0.11683434247970581,0.1186462789773941,0.9845356941223145,1
84019,-56.974979400634766,243.0933074951172,-18.704853057861328,-84.91575622558594,204.6417999267578,81.8446273803711,-36.14283305942081,-244.7345781242475,72.72293290821835,20.122013092041016,-194.10723876953125,-62.58076858520508,0.6487736105918884,2.533440589904785,0.0,-97.09466552734375,165.51312255859375,122.4382553100586,0.051448892802000046,-0.1149081215262413,0.11642452329397202,0.9851875305175781,1
84021,-57.31650924682617,238.7981719970703,-17.11387825012207,-85.21943664550781,201.0609130859375,80.44664001464844,-40.78455296141328,-512.9132436008658,189.98982674606668,13.543014526367188,-227.90127563476562,-80.5789566040039,0.6494316458702087,2.543163776397705,0.0,-97.21319580078125,162.2914276123047,121.43240356445312,0.04522165283560753,-0.11561395972967148,0.11448413878679276,0.9856377840042114,1
84023,-57.320743560791016,235.05531311035156,-15.712510108947754,-85.38059997558594,197.51388549804688,79.28650665283203,-0.5059387511573732,-447.2170383743942,167.4430505494238,27.227588653564453,-208.24766540527344,-64.41427612304688,0.6553940773010254,2.5485856533050537,0.0,-97.18907165527344,159.2914581298828,120.78410339355469,0.04481105878949165,-0.1184510588645935,0.11632778495550156,0.9851036071777344,1
84025,-56.56886672973633,232.239501953125,-14.046004295349121,-85.07231140136719,194.76458740234375,78.09099578857422,89.8180468037026,-336.37245871161576,199.07821465183224,56.4434814453125,-157.15773010253906,-68.59927368164062,0.6574122905731201,2.5472753047943115,0.0,-96.88272094726562,157.18002319335938,120.12139129638672,0.04629627242684364,-0.12204005569219589,0.1174805760383606,0.9844598770141602,1
84026,-56.09054183959961,230.9877166748047,-13.529260635375977,-84.82917785644531,193.55982971191406,77.7439193725586,57.094483130204026,-149.41734149621334,61.68027795614762,61.00261688232422,-142.4846649169922,-40.50030517578125,0.6591401696205139,2.546985387802124,0.0,-96.668701171875,156.17210388183594,119.95358276367188,0.04732613265514374,-0.12431356310844421,0.1178838238120079,0.9840781092643738,1
84028,-55.13563919067383,230.14303588867188,-12.998611450195312,-84.39559936523438,192.6429443359375,77.350830078125,114.08330614684382,-100.91497476643417,63.39726203256578,58.929222106933594,-28.997802734375,-22.49753189086914,0.6588001847267151,2.5383598804473877,0.0,-96.38168334960938,155.52952575683594,119.7693862915039,0.05011536553502083,-0.1287025809288025,0.11777316778898239,0.9833888411521912,1
84030,-53.83915328979492,229.94151306152344,-12.996214866638184,-83.58029174804688,192.5452880859375,77.37332916259766,154.85359472275013,-24.07009145373013,0.28625037775054807,79.90181732177734,18.898651123046875,11.086810111999512,0.6561484932899475,2.5272271633148193,0.0,-95.77861022949219,155.60545349121094,119.91504669189453,0.049617949873209,-0.13271456956863403,0.11715240776538849,0.9829548597335815,1
84031,-53.2299690246582,230.44371032714844,-13.339524269104004,-83.12625122070312,192.7852783203125,77.63603210449219,72.73069959884742,59.957488326355815,-40.98781673981284,86.28820037841797,28.849687576293945,31.919374465942383,0.6552289724349976,2.520195960998535,0.0,-95.4332275390625,155.9170379638672,120.21485900878906,0.05387597903609276,-0.13373994827270508,0.11670862138271332,0.9826444387435913,1
84033,-51.97365951538086,232.92340087890625,-14.411966323852539,-82.10951232910156,194.2107391357422,78.27872467041016,150.09870771988062,296.26325727498624,-128.13097834052314,102.38006591796875,103.36527252197266,42.43346405029297,0.6539047956466675,2.5103487968444824,0.0,-94.63154602050781,157.3885040283203,120.8724365234375,0.06642744690179825,-0.13656023144721985,0.11746902018785477,0.9813968539237976,1
84035,-50.58658218383789,236.3455047607422,-15.84854507446289,-80.86796569824219,196.74087524414062,79.09552764892578,165.66073089384008,408.7070110423956,-171.57275978833786,107.66712951660156,176.33164978027344,48.872215270996094,0.6505260467529297,2.4955244064331055,0.0,-93.62666320800781,159.8599853515625,121.57115173339844,0.07450273633003235,-0.1375722885131836,0.11780843883752823,0.9806346893310547,1
84037,-49.152957916259766,240.70623779296875,-16.818204879760742,-79.44024658203125,200.20037841796875,79.75411987304688,171.06553788785823,520.339365490363,-115.70352142666525,124.70758056640625,218.62701416015625,33.012447357177734,0.6480762362480164,2.4688398838043213,0.0,-92.48211669921875,163.23094177246094,122.07951354980469,0.08327324688434601,-0.1375102698802948,0.12060045450925827,0.9795978665351868,1
84038,-48.39828872680664,242.81297302246094,-17.25507926940918,-78.67971801757812,202.00025939941406,80.05547332763672,90.1169276763685,251.57050130399875,-52.16825905418955,123.11555480957031,215.42625427246094,36.647342681884766,0.6509588956832886,2.457052230834961,0.0,-91.85777282714844,165.00613403320312,122.3263931274414,0.08579899370670319,-0.13669520616531372,0.12130352109670639,0.9794071912765503,1
84040,-46.711063385009766,246.8091583251953,-18.273542404174805,-77.12269592285156,205.7631072998047,80.6773910522461,201.03034042054787,476.139417712111,-121.34833778021857,119.40191650390625,244.079833984375,42.069297790527344,0.6568081378936768,2.4341142177581787,0.0,-90.5452880859375,168.56451416015625,122.68431091308594,0.08705020695924759,-0.13585859537124634,0.12165583670139313,0.9793694615364075,1
84042,-45.38795852661133,251.52536010742188,-19.439109802246094,-75.71310424804688,209.95974731445312,81.34473419189453,157.65011621220037,561.9431856279261,-138.87926916201832,111.69517517089844,249.35821533203125,42.23735809326172,0.6597155332565308,2.411369562149048,0.0,-89.40287780761719,172.48269653320312,122.99827575683594,0.09111950546503067,-0.13544513285160065,0.1242712065577507,0.9787279963493347,1
84044,-44.111995697021484,255.9212646484375,-20.520177841186523,-74.35853576660156,213.9803466796875,81.82054138183594,152.05721817765152,523.8624514604453,-128.83149481313012,116.19192504882812,226.85748291015625,25.861120223999023,0.666538417339325,2.393367052078247,0.0,-88.21270751953125,176.08929443359375,123.02284240722656,0.09172733873128891,-0.13535809516906738,0.1273135542869568,0.9782921671867371,1
84045,-43.55942153930664,258.4219970703125,-21.231382369995117,-73.74201965332031,215.98861694335938,82.04460144042969,65.93089708936168,298.3772035893053,-84.85802664438961,106.18930053710938,241.29173278808594,27.513660430908203,0.666658878326416,2.390578269958496,0.0,-87.66961669921875,177.8230743408203,122.95111846923828,0.09443657845258713,-0.13621366024017334,0.13060909509658813,0.9774808883666992,1
84047,-42.495845794677734,262.8925476074219,-22.2434139251709,-72.73335266113281,219.89453125,82.4183349609375,126.85611601365963,533.2170091734733,-120.70827397221001,94.29931640625,228.4996795654297,18.502986907958984,0.670668363571167,2.3964102268218994,0.0,-86.75949096679688,181.24417114257812,122.8099136352539,0.09519334137439728,-0.13920961320400238,0.1369369626045227,0.9761184453964233,1
84049,-41.35093307495117,266.4361877441406,-22.654272079467773,-71.68478393554688,223.34779357910156,82.56137084960938,136.76950798218604,423.3177862507291,-49.0804815471638,95.45809936523438,194.81361389160156,4.602439880371094,0.6719704866409302,2.410125494003296,0.0,-85.80780029296875,184.2593231201172,122.49231719970703,0.09350447356700897,-0.1413092017173767,0.13970375061035156,0.975587785243988,1
84051,-40.43559646606445,269.6174621582031,-23.104644775390625,-70.62503051757812,226.20892333984375,82.49368286132812,109.21278216264909,379.57165288645774,-53.7359203754022,90.864501953125,157.01927185058594,-3.793029546737671,0.6707671880722046,2.4282052516937256,0.0,-84.80909729003906,186.419189453125,121.68862915039062,0.09354133903980255,-0.14149752259254456,0.14232608675956726,0.9751778244972229,1
84052,-40.22086715698242,270.8135986328125,-23.26997947692871,-70.18077087402344,227.2834930419922,82.45178985595703,25.62300337362103,142.73137214127928,-19.728893244231585,85.40713500976562,128.966552734375,-4.395549297332764,0.6700118184089661,2.4350571632385254,0.0,-84.3848876953125,187.13551330566406,121.2786636352539,0.0935351550579071,-0.13997624814510345,0.1435585767030716,0.9752172827720642,1
84054,-40.25466537475586,272.6217346191406,-23.12116813659668,-69.57405090332031,228.73329162597656,81.97003173828125,-4.036571957403794,215.94839901058003,17.772762083332054,63.89845275878906,67.46151733398438,-39.2929573059082,0.669592022895813,2.453507423400879,0.0,-83.85125732421875,188.1411895751953,120.29503631591797,0.09644964337348938,-0.13617105782032013,0.14764933288097382,0.9748613238334656,1
84056,-40.14896774291992,272.718505859375,-22.58894920349121,-69.28700256347656,229.20619201660156,81.47409057617188,12.616762912133709,11.55125023657456,63.5291442173766,44.25574493408203,19.36380386352539,-26.353649139404297,0.6681018471717834,2.471144676208496,0.0,-83.58158874511719,188.33111572265625,119.51825714111328,0.08992166072130203,-0.13429762423038483,0.1470802128314972,0.9758307337760925,1
84058,-40.03567123413086,271.4043273925781,-21.524169921875,-69.10824584960938,228.55055236816406,80.75208282470703,13.518794387346134,-156.81073204101995,127.05186002576374,37.54383850097656,-52.27094650268555,-39.51499557495117,0.6600276231765747,2.4976656436920166,0.0,-83.42115783691406,187.49407958984375,118.61254119873047,0.08219001442193985,-0.1319839507341385,0.14479514956474304,0.9771690964698792,1
84059,-40.04568862915039,270.2965393066406,-20.889766693115234,-69.07820129394531,227.82540893554688,80.32255554199219,-1.195218862092588,-132.17500287573785,75.69340169851785,35.7605094909668,-85.79216766357422,-50.3486213684082,0.6556078195571899,2.5077075958251953,0.0,-83.41291809082031,186.6998291015625,118.11334228515625,0.07862737029790878,-0.13038092851638794,0.14335279166698456,0.9778898358345032,1
84061,-40.26423263549805,266.7276306152344,-19.323829650878906,-69.24636840820312,225.33567810058594,79.43501281738281,-26.09930849634111,-426.2118668407202,187.0098138777539,12.890813827514648,-155.87095642089844,-48.35322952270508,0.6510170102119446,2.532949686050415,0.0,-83.57838439941406,184.3289337158203,117.36023712158203,0.07123370468616486,-0.12733066082000732,0.13827364146709442,0.9795882105827332,1
84063,-40.575260162353516,262.6338806152344,-17.521503448486328,-69.61320495605469,221.99530029296875,78.2854995727539,-37.12185623293044,-488.59855103492737,215.11180970535497,10.372928619384766,-215.9934539794922,-73.26768493652344,0.6464816331863403,2.5525753498077393,0.0,-83.93194580078125,181.21707153320312,116.4826431274414,0.06607606261968613,-0.12597991526126862,0.13382361829280853,0.9807416796684265,1
84065,-40.71681594848633,257.2867736816406,-15.922800064086914,-69.89141845703125,217.65159606933594,77.10320281982422,-16.902631548116915,-638.4774569519795,190.89501743063738,19.62152671813965,-270.2183532714844,-68.80345153808594,0.6456566452980042,2.5623161792755127,0.0,-84.138671875,177.30239868164062,115.79984283447266,0.05989588052034378,-0.12521201372146606,0.12540976703166962,0.9823476076126099,1
84067,-40.6179084777832,252.13328552246094,-13.71263599395752,-69.91262817382812,213.3170166015625,75.64973449707031,11.816745039308444,-615.7012731920695,264.0543239665931,34.879146575927734,-262.36798095703125,-97.39874267578125,0.6411808729171753,2.5657782554626465,0.0,-84.108642578125,173.4921112060547,114.88827514648438,0.05485843867063522,-0.12450283020734787,0.121245376765728,0.9832543730735779,1
84069,-39.726322174072266,246.589599609375,-11.350024223327637,-69.56436157226562,209.1544189453125,74.12033081054688,106.41147700475994,-661.6429655846441,281.97944164816,58.90321731567383,-242.25270080566406,-93.36490631103516,0.6382668614387512,2.5725231170654297,0.0,-83.84194946289062,170.0139617919922,113.94091033935547,0.04584397375583649,-0.12715542316436768,0.11899371445178986,0.9836515188217163,1
84070,-39.05472946166992,244.1497802734375,-10.451580047607422,-69.27406311035156,207.28721618652344,73.42623138427734,80.21358516061446,-291.4067595815286,107.3082346939118,66.98783111572266,-223.51629638671875,-82.56364440917969,0.6401543021202087,2.574894666671753,0.0,-83.60690307617188,168.44505310058594,113.5286636352539,0.041704632341861725,-0.1292003095149994,0.1163986399769783,0.9838797450065613,1
84072,-37.990230560302734,240.51364135742188,-9.144156455993652,-68.86460876464844,204.18565368652344,72.45536041259766,127.09085616527591,-434.1197603668552,156.0937107736463,47.711341857910156,-153.53689575195312,-43.613765716552734,0.645550012588501,2.570575475692749,0.0,-83.30221557617188,165.9464569091797,113.08191680908203,0.03881635516881943,-0.13356232643127441,0.11520865559577942,0.9835554957389832,1
84074,-36.9896354675293,239.303466796875,-8.116743087768555,-68.34565734863281,202.9051055908203,71.48404693603516,119.45660456549376,-144.47736649774015,122.65831937390612,76.11964416503906,-59.25343322753906,-67.62053680419922,0.649828314781189,2.550483226776123,0.0,-82.85975646972656,165.1183319091797,112.49787139892578,0.04141328111290932,-0.1355239301919937,0.11577794700860977,0.9831142425537109,1
84076,-35.80290603637695,240.8123016357422,-7.151994228363037,-67.62588500976562,203.31626892089844,70.51608276367188,141.69527859374648,180.154605787131,115.1908386343166,79.87924194335938,69.76484680175781,-54.79445266723633,0.6563409566879272,2.536013126373291,0.0,-82.24208068847656,165.8095245361328,111.80272674560547,0.055779557675123215,-0.1397089958190918,0.11693853884935379,0.9816799163818359,1
84078,-34.547542572021484,243.7582550048828,-6.795845031738281,-66.72084045410156,205.77525329589844,69.7666244506836,149.83649647136917,351.62034274009056,42.50892220345486,89.99113464355469,160.17735290527344,-42.09628677368164,0.6667888760566711,2.5225374698638916,0.0,-81.52163696289062,168.3351593017578,111.12223052978516,0.05945422872900963,-0.1433318555355072,0.11908594518899918,0.9806832671165466,1
84079,-33.91775131225586,246.39466857910156,-6.532799243927002,-66.18351745605469,207.77020263671875,69.24851989746094,75.15707636810839,314.62033374235034,31.390960189251928,96.492919921875,238.97499084472656,-61.37611389160156,0.6696832180023193,2.5142855644226074,0.0,-81.08270263671875,170.3326416015625,110.58724212646484,0.06567420810461044,-0.1450677514076233,0.12183666974306107,0.979692816734314,1
84081,-32.81919479370117,252.4722137451172,-6.598413944244385,-65.2313232421875,212.7283477783203,68.49930572509766,131.214451288688,725.9178209512029,-7.8371906708489405,83.78717803955078,315.7080078125,-31.63437843322754,0.6826764941215515,2.516216278076172,0.0,-80.27011108398438,175.1572265625,109.66991424560547,0.07397560030221939,-0.1490228921175003,0.1262517273426056,0.9779469966888428,1
84083,-31.811290740966797,259.7201232910156,-7.932506084442139,-64.59745788574219,218.75924682617188,68.4578628540039,120.36431537568569,865.5483307465911,-159.31783056864515,73.39883422851562,380.42120361328125,-10.080013275146484,0.6975676417350769,2.518584966659546,0.0,-79.60343933105469,180.75628662109375,109.2556381225586,0.07894229143857956,-0.1580791175365448,0.13028910756111145,0.9756043553352356,1
84085,-31.014225006103516,268.6139831542969,-10.765799522399902,-64.41487121582031,225.3705596923828,68.73584747314453,85.38465129869292,952.7434061081149,-303.51294961687745,42.88966369628906,387.45220947265625,16.90221405029297,0.7059682607650757,2.5127182006835938,0.0,-78.99893188476562,186.61703491210938,109.01519775390625,0.0981227308511734,-0.17261207103729248,0.13413076102733612,0.9708686470985413,1
84087,-29.672290802001953,277.85626220703125,-11.575373649597168,-63.31180191040039,234.65213012695312,68.9866943359375,144.01354240835644,991.8618530198,-86.88178417651216,105.92221069335938,554.662109375,24.037132263183594,0.7237592339515686,2.5273306369781494,0.0,-77.83871459960938,195.0401611328125,108.40039825439453,0.09051629155874252,-0.175065279006958,0.1381763368844986,0.970600962638855,1
84089,-28.18488311767578,285.2684326171875,-12.824296951293945,-62.123653411865234,241.5945281982422,69.17227172851562,159.56456669882755,795.1550689549185,-133.98068839855114,100.9488525390625,398.8169250488281,13.178967475891113,0.7328402996063232,2.538661241531372,0.0,-76.67594909667969,201.3162841796875,107.92311096191406,0.08895335346460342,-0.18087655305862427,0.1394708752632141,0.969494104385376,1
84091,-26.83658218383789,292.69671630859375,-14.42098617553711,-61.158145904541016,248.0263214111328,69.42504119873047,144.65023840623326,796.931144928094,-171.29816582564672,86.66024780273438,386.7445983886719,16.365245819091797,0.7403098344802856,2.5454351902008057,0.0,-75.67881774902344,207.12876892089844,107.5119857788086,0.09672023355960846,-0.18713729083538055,0.13775289058685303,0.9678062796592712,1
84092,-26.36880874633789,296.07269287109375,-15.022351264953613,-60.76467514038086,251.01014709472656,69.58202362060547,50.19806192070246,362.2853863462806,-64.53415173981193,79.17825317382812,356.53680419921875,19.36579132080078,0.7422088384628296,2.5462679862976074,0.0,-75.29238891601562,209.85675048828125,107.3885269165039,0.09999648481607437,-0.187462717294693,0.1361086666584015,0.9676429629325867,1
84094,-25.31622314453125,302.2633056640625,-15.818684577941895,-59.83564376831055,256.82373046875,69.7449951171875,125.9441977336246,740.7205270067789,-95.28304402105277,89.21294403076172,345.670654296875,16.14658546447754,0.7425554990768433,2.555370569229126,0.0,-74.34454345703125,215.1456756591797,106.94036102294922,0.10217072814702988,-0.18916378915309906,0.13451117277145386,0.9673081040382385,1
84096,-24.42120361328125,307.6025085449219,-16.620637893676758,-58.8028450012207,261.96875,70.02247619628906,106.80282570049167,637.1279449819122,-95.69721912184468,96.06944274902344,296.4486999511719,11.400251388549805,0.7430082559585571,2.566610336303711,0.0,-73.40895080566406,219.80775451660156,106.64147186279297,0.10621065646409988,-0.18628321588039398,0.12876670062541962,0.9682133197784424,1
84098,-23.782394409179688,311.7192077636719,-16.879222869873047,-57.909976959228516,266.0684509277344,70.18930053710938,76.35372470598668,492.0488258898258,-30.907391375745647,74.49397277832031,221.5631103515625,12.667020797729492,0.7434799671173096,2.5665996074676514,0.0,-72.66429138183594,223.55531311035156,106.32241821289062,0.1063295230269432,-0.18098725378513336,0.12513448297977448,0.9696798324584961,1
84100,-23.46575164794922,313.98895263671875,-17.005197525024414,-57.172054290771484,268.3974609375,70.24168395996094,37.798060378292575,270.9424128988758,-15.037759281287435,70.60985565185547,116.68208312988281,6.16168212890625,0.7425863146781921,2.5693204402923584,0.0,-72.01776123046875,225.6533966064453,106.04095458984375,0.1045059934258461,-0.17508456110954285,0.12352389097213745,0.9711672067642212,1
84101,-23.266387939453125,314.54376220703125,-17.05719566345215,-56.884639739990234,269.0339660644531,70.26082611083984,11.294093266071286,73.51522385329008,-6.190868359844899,66.64286804199219,76.54548645019531,2.915764331817627,0.7453720569610596,2.5730578899383545,0.0,-71.75910949707031,226.18533325195312,105.9137954711914,0.10432066768407822,-0.17310243844985962,0.12317866086959839,0.9715862274169922,1
84103,-23.174922943115234,314.14556884765625,-17.004480361938477,-56.519901275634766,269.3440246582031,70.43292236328125,23.43547534517711,-54.82886218931526,6.277994012561976,53.53697204589844,-10.259867668151855,6.928874492645264,0.7438340783119202,2.5765562057495117,0.0,-71.50833129882812,226.32684326171875,105.80413055419922,0.09196001291275024,-0.17043951153755188,0.12302949279546738,0.9733229279518127,1
84105,-23.059757232666016,311.00018310546875,-16.469148635864258,-56.17890548706055,267.84613037109375,70.50914764404297,13.76263276906684,-375.8826192095876,63.97367694647983,53.727928161621094,-114.583984375,4.566525459289551,0.7412642240524292,2.585334300994873,0.0,-71.35247802734375,224.74462890625,105.69095611572266,0.07219894975423813,-0.16464178264141083,0.1226268857717514,0.9760343432426453,1
84107,-22.948524475097656,305.986572265625,-15.520404815673828,-55.794063568115234,264.5780334472656,70.69017791748047,13.275887432188028,-598.386074332986,113.23477394769725,57.97642517089844,-241.0562744140625,4.350174427032471,0.7306524515151978,2.589401960372925,0.0,-71.26493835449219,221.56187438964844,105.86528778076172,0.056553252041339874,-0.15832483768463135,0.12126945704221725,0.9782784581184387,1
84109,-22.828365325927734,299.6119384765625,-14.1632661819458,-55.3049430847168,259.3174743652344,70.71485900878906,14.345838332461426,-761.0695182038471,162.02920517244638,60.89491271972656,-345.31060791015625,0.4711497724056244,0.7115961313247681,2.5900063514709473,0.0,-71.1683349609375,216.75965881347656,106.2517318725586,0.051459603011608124,-0.15106980502605438,0.12238969653844833,0.9795665144920349,1
84111,-22.667037963867188,292.5816955566406,-13.413966178894043,-54.98788070678711,252.79193115234375,70.73029327392578,19.255560164427152,-839.1091491614934,89.4342478900362,51.76954650878906,-410.9673156738281,-2.0891780853271484,0.6954494714736938,2.5944674015045166,0.0,-71.07473754882812,210.5985565185547,106.6409912109375,0.04880347475409508,-0.14831192791461945,0.12189731746912003,0.9801850914955139,1
84113,-22.26004409790039,283.2373352050781,-11.763083457946777,-54.60335159301758,245.17396545410156,70.48693084716797,48.61950238136342,-1116.2776355016977,197.2145113091101,53.5771484375,-473.883056640625,-19.144441604614258,0.6799934506416321,2.6016664505004883,0.0,-71.03692626953125,203.6326141357422,107.00885009765625,0.038934126496315,-0.1440219283103943,0.11462417244911194,0.9821420907974243,1
84114,-22.089950561523438,278.4741516113281,-11.214635848999023,-54.42135238647461,241.1100616455078,70.40603637695312,20.30671193660237,-568.6553363502026,65.47672442143084,53.86881637573242,-483.6534729003906,-9.01025676727295,0.6701817512512207,2.601468086242676,0.0,-70.99015808105469,199.9392852783203,107.3058853149414,0.03501850739121437,-0.14179974794387817,0.10963597148656845,0.9831818342208862,1
84116,-21.813091278076172,268.39013671875,-9.480432510375977,-54.06813430786133,232.98175048828125,70.11685943603516,33.03634932721616,-1203.2792777039576,206.9345357895072,56.53057861328125,-481.703857421875,-16.615070343017578,0.6566094160079956,2.600823402404785,0.0,-70.99613952636719,192.82968139648438,107.9569320678711,0.02578262984752655,-0.1355653703212738,0.10162267088890076,0.9852056503295898,1
84118,-21.372901916503906,259.1030578613281,-7.734435081481934,-53.68642044067383,224.7527618408203,69.52304077148438,52.56968637506361,-1109.1109088400844,208.51602801300032,59.270530700683594,-492.10491943359375,-48.20441436767578,0.6435040235519409,2.595486640930176,0.0,-70.86076354980469,185.699951171875,108.32962036132812,0.02094656229019165,-0.13261008262634277,0.09787914156913757,0.9861011505126953,1
84120,-20.60244369506836,250.802001953125,-6.113706588745117,-53.23411178588867,217.6118927001953,68.80138397216797,91.96328689754591,-990.8290479609277,193.45308442925307,66.88424682617188,-401.4913024902344,-50.36953353881836,0.6413075923919678,2.5870108604431152,0.0,-70.47254943847656,179.5751953125,108.53020477294922,0.014524010010063648,-0.13222643733024597,0.09539429843425751,0.9865115880966187,1
84121,-19.86526107788086,246.9999542236328,-5.414179801940918,-52.88143539428711,214.52902221679688,68.44306182861328,87.84465747792274,-453.0622029398801,83.35748775234242,73.85043334960938,-363.8441467285156,-41.698448181152344,0.6419528126716614,2.5777270793914795,0.0,-70.1451416015625,176.9785919189453,108.63401794433594,0.009527351707220078,-0.13384106755256653,0.09146036207675934,0.9867272973060608,1
84123,-17.856895446777344,240.1572723388672,-4.177459716796875,-52.166194915771484,209.4151611328125,67.87065887451172,167.34752558229957,-604.8435280718841,120.38361334896035,77.00881958007812,-261.380126953125,-25.957975387573242,0.6426637768745422,2.5650477409362793,0.0,-69.52976989746094,172.7683868408203,108.80171203613281,0.013215200044214725,-0.13801153004169464,0.09066033363342285,0.9861840009689331,1
84125,-17.35395050048828,239.1344451904297,-4.027493476867676,-51.478336334228516,206.6226348876953,67.58082580566406,132.60516509282752,-334.57765962649137,45.22905794467442,71.77062225341797,-125.61262512207031,-14.505110740661621,0.6498545408248901,2.545149087905884,0.0,-68.97285461425781,170.4026336669922,108.83589935302734,0.015268262475728989,-0.1415611356496811,0.0925619974732399,0.9854742884635925,1
84127,-16.54962921142578,239.02066040039062,-4.118271350860596,-50.860660552978516,205.9593048095703,67.49508666992188,96.0829808851704,-13.592555555864237,-10.844184842881077,63.895347595214844,-10.50060749053955,-2.721188545227051,0.6580272912979126,2.523452043533325,0.0,-68.43353271484375,169.90927124023438,108.90736389160156,0.022460805252194405,-0.14409226179122925,0.09530919790267944,0.9847075939178467,1
84129,-15.782146453857422,241.80946350097656,-4.653861045837402,-50.25651168823242,207.5662384033203,67.5748291015625,91.7346601083409,333.33635448943824,-64.01725399264251,71.50926208496094,143.4530487060547,2.4630417823791504,0.6664435863494873,2.5178616046905518,0.0,-67.78533935546875,171.4622039794922,109.00211334228516,0.03199123963713646,-0.14807936549186707,0.10182512551546097,0.9831992387771606,1
84131,-15.034099578857422,246.92221069335938,-5.8595194816589355,-49.6747932434082,211.3529815673828,67.98957061767578,89.13691452145576,609.2325557235163,-143.6656933242266,65.76077270507812,253.1162872314453,33.047664642333984,0.6753829717636108,2.5198898315429688,0.0,-67.09477233886719,174.9708251953125,109.25255584716797,0.039962660521268845,-0.15381407737731934,0.10977703332901001,0.9811692833900452,1
84133,-14.064899444580078,253.74761962890625,-7.485971450805664,-48.9767951965332,216.8395233154297,68.60992431640625,115.51543184265029,813.4956164448522,-193.8508827461119,79.40060424804688,332.5657958984375,42.88418197631836,0.6866437792778015,2.5351405143737793,0.0,-66.17329406738281,179.86151123046875,109.4339370727539,0.04396946728229523,-0.16176879405975342,0.11898171901702881,0.9786423444747925,1
84134,-13.492927551269531,257.48193359375,-8.553070068359375,-48.6252326965332,220.0532989501953,69.02440643310547,68.21460417326307,445.3623542515561,-127.2644874015532,74.40699768066406,386.1142883300781,50.38593673706055,0.6937822699546814,2.541069984436035,0.0,-65.68983459472656,182.73995971679688,109.59265899658203,0.04489241540431976,-0.1664087176322937,0.12163644284009933,0.9774954915046692,1
84136,-12.333606719970703,265.85986328125,-10.579461097717285,-47.70158004760742,226.9347686767578,69.96435546875,138.1660791998729,998.4688150882721,-241.50217600981705,93.62239837646484,413.1903991699219,61.76227951049805,0.7050971984863281,2.547621965408325,0.0,-64.65766906738281,188.98521423339844,109.99453735351562,0.053856853395700455,-0.17354729771614075,0.128260999917984,0.9749512076377869,1
84138,-11.1268310546875,275.0419921875,-13.13416862487793,-46.7663459777832,234.12396240234375,71.29540252685547,143.82547603387502,1094.3409773148596,-304.47417593142745,87.86967468261719,443.4996643066406,77.83665466308594,0.7083373069763184,2.554229497909546,0.0,-63.6259651184082,195.4284210205078,110.70013427734375,0.06847643852233887,-0.18265028297901154,0.13385845720767975,0.9716129899024963,1
84140,-10.022972106933594,283.65887451171875,-15.345995903015137,-45.73423385620117,241.30038452148438,72.48822784423828,131.81629822182003,1028.9770559025928,-264.1233145804872,88.4808349609375,410.4853820800781,70.67373657226562,0.7127583622932434,2.55981183052063,0.0,-62.55715560913086,201.85366821289062,111.20291137695312,0.0783461406826973,-0.18688073754310608,0.1367880254983902,0.9696527719497681,1
84142,-9.064960479736328,291.1982421875,-17.71428680419922,-44.78252029418945,247.84507751464844,73.77324676513672,114.3484876784496,899.9006560072303,-282.6797454695916,93.36203002929688,386.5477294921875,85.87919616699219,0.7169411182403564,2.5671331882476807,0.0,-61.558162689208984,207.7442169189453,111.85808563232422,0.0865551084280014,-0.19070661067962646,0.13807512819766998,0.9680260419845581,1
84144,-8.06075668334961,297.8241882324219,-19.907379150390625,-43.760982513427734,253.8807830810547,75.00933837890625,120.01638947566971,791.8931635525078,-262.10518833296373,94.71432495117188,354.5653076171875,76.57957458496094,0.726340115070343,2.5742075443267822,0.0,-60.49210739135742,213.15098571777344,112.43128204345703,0.0900205671787262,-0.1923372447490692,0.1371987909078598,0.9675118327140808,1
84145,-7.280025482177734,303.810302734375,-22.124897003173828,-43.21146011352539,256.5477294921875,75.70327758789062,52.47474982752465,360.43008361011744,-122.25443007482681,97.26756286621094,316.0576477050781,82.7933578491211,0.7286014556884766,2.576662302017212,0.0,-59.96064376831055,215.54429626464844,112.81303405761719,0.09307081252336502,-0.191236212849617,0.13647796213626862,0.9675434231758118,1
84147,-6.895305633544922,306.3289489746094,-23.01139259338379,-42.30892562866211,261.0278015136719,77.06915283203125,86.65265182140865,654.8046033084393,-248.2656663051166,81.60784912109375,244.49468994140625,69.84468078613281,0.7330428957939148,2.5827174186706543,0.0,-59.13918685913086,219.56253051757812,113.63485717773438,0.10397155582904816,-0.19048519432544708,0.13476990163326263,0.9668207764625549,1
84149,-6.155536651611328,310.2443542480469,-24.22078514099121,-41.59218978881836,264.7153625488281,78.0201187133789,88.29899545479566,467.34367199242115,-144.35337202856317,72.46527862548828,215.15208435058594,58.154178619384766,0.7298592329025269,2.5866599082946777,0.0,-58.41038131713867,222.87960815429688,114.14790344238281,0.10331490635871887,-0.19031257927417755,0.1323225200176239,0.9672631025314331,1
84151,-5.486255645751953,312.8531188964844,-25.211606979370117,-40.79904556274414,267.3433532714844,78.8041763305664,79.9682601436507,311.7052004067227,-118.38719137973385,82.32318115234375,137.94740295410156,43.57221984863281,0.725823163986206,2.5871353149414062,0.0,-57.69063949584961,225.20950317382812,114.49657440185547,0.10202007740736008,-0.1886560022830963,0.13044726848602295,0.9679794907569885,1
84153,-4.961330413818359,313.1410217285156,-25.703458786010742,-40.25241470336914,267.9755554199219,79.2681884765625,62.654363138601184,34.363691225647926,-58.70676399022341,60.3035888671875,16.542217254638672,29.100547790527344,0.7266122102737427,2.600785970687866,0.0,-57.185794830322266,225.6611785888672,114.66063690185547,0.09593255817890167,-0.1869964599609375,0.12956936657428741,0.9690412878990173,1
84155,-4.7809906005859375,311.15936279296875,-25.614065170288086,-39.89625930786133,266.8313293457031,79.3464126586914,21.536826831288636,-236.6568123176694,10.675705974921584,54.86520004272461,-92.32559204101562,4.895187854766846,0.7291011810302734,2.617647886276245,0.0,-56.86057662963867,224.43678283691406,114.56257629394531,0.08573012053966522,-0.18311195075511932,0.13025572896003723,0.97064608335495,1
84156,-4.762958526611328,309.63250732421875,-25.48637580871582,-39.801265716552734,265.7269592285156,79.3956298828125,2.154341013607336,-182.41758340224624,15.255395969637902,43.46723175048828,-130.76194763183594,6.461238861083984,0.727086067199707,2.620270013809204,0.0,-56.78538131713867,223.28622436523438,114.53306579589844,0.08025592565536499,-0.181465744972229,0.13035637140274048,0.9714094996452332,1
84158,-4.817291259765625,304.5791015625,-24.562644958496094,-39.6711540222168,261.9980163574219,79.1632308959961,-6.490676546876784,-603.6880597611889,110.35038764055935,38.47890853881836,-253.35232543945312,-15.16191577911377,0.7214863896369934,2.6271870136260986,0.0,-56.88457107543945,219.58380126953125,114.22607421875,0.06717260181903839,-0.17656821012496948,0.13191092014312744,0.9730935096740723,1
84160,-4.993137359619141,297.3166809082031,-21.97694206237793,-39.4259147644043,256.41253662109375,78.31185913085938,-20.993207232357236,-867.016680672532,308.6915023121546,48.96095275878906,-377.7694396972656,-59.721656799316406,0.7036630511283875,2.6291282176971436,0.0,-57.1247673034668,214.54061889648438,113.71253967285156,0.05891329422593117,-0.16667672991752625,0.13338856399059296,0.9751695394515991,1
84162,-5.552188873291016,288.4082336425781,-18.564088821411133,-39.2223014831543,249.30584716796875,76.9687728881836,-66.74710481846705,-1063.6105061285198,407.47241968574235,45.73304748535156,-441.15911865234375,-85.15026092529297,0.6828151345252991,2.6291654109954834,0.0,-57.31349563598633,208.2564239501953,113.1316146850586,0.051021914929151535,-0.15184181928634644,0.12863139808177948,0.9786698818206787,1
84164,-6.170616149902344,278.13800048828125,-15.19614315032959,-39.07609176635742,240.75575256347656,75.42549133300781,-73.80387799683376,-1225.6623589957599,401.9348124010503,28.629064559936523,-519.4544677734375,-89.84789276123047,0.6509366035461426,2.619645833969116,0.0,-57.64033126831055,200.7432098388672,112.49229431152344,0.04579467326402664,-0.1404770016670227,0.12050715833902359,0.9816552996635437,1
84166,-6.825096130371094,267.26318359375,-11.987627029418945,-39.672183990478516,231.71926879882812,73.8536376953125,-78.15619549294934,-1298.6406620875932,383.15215235242067,-8.364753723144531,-538.3895263671875,-100.98500061035156,0.6265618801116943,2.6063475608825684,0.0,-58.387630462646484,192.9985809326172,112.18956756591797,0.039269980043172836,-0.13385404646396637,0.10345518589019775,0.9848034977912903,1
84167,-7.0544586181640625,261.9127197265625,-10.37108039855957,-39.9732780456543,227.13555908203125,73.01123046875,-27.389836159476545,-638.9376489138231,193.04354338604026,-3.8877182006835938,-549.0811767578125,-100.33784484863281,0.6138465404510498,2.6034154891967773,0.0,-58.71721267700195,189.02516174316406,111.93058776855469,0.0368485189974308,-0.13218481838703156,0.09721978008747101,0.9857574105262756,1
84169,-7.3503875732421875,251.03387451171875,-7.8516316413879395,-40.44454574584961,217.6005859375,71.54670715332031,-35.344179201405495,-1299.3113657170907,300.90954884331586,3.862668991088867,-606.2510986328125,-77.61222839355469,0.5948885679244995,2.586625337600708,0.0,-59.245174407958984,180.93760681152344,111.7684555053711,0.03402859717607498,-0.13084642589092255,0.08603604137897491,0.9870760440826416,1
84171,-7.440406799316406,241.53907775878906,-6.277644157409668,-40.5649528503418,208.85781860351562,70.52245330810547,-10.751274348353036,-1133.9929171178956,187.98618916332634,30.080385208129883,-516.5345458984375,-57.3873291015625,0.5903480648994446,2.561340570449829,0.0,-59.48814010620117,173.6019744873047,111.8576431274414,0.03297526761889458,-0.13033485412597656,0.08725014328956604,0.9870728850364685,1
84173,-6.936038970947266,232.78688049316406,-5.516208648681641,-40.04855728149414,201.63641357421875,70.17010498046875,60.137655703903874,-1043.5570950563997,90.78879319618136,61.389408111572266,-381.0372619628906,-7.5645246505737305,0.5930952429771423,2.5194571018218994,0.0,-59.259769439697266,167.3671417236328,112.195556640625,0.022427959367632866,-0.12913653254508972,0.08737644553184509,0.9875150918960571,1
84175,-6.103340148925781,227.16165161132812,-5.561356544494629,-39.47145462036133,196.090087890625,70.3014907836914,99.49140440739575,-672.1060565550579,-5.3943003660897375,75.13007354736328,-318.6006164550781,11.768486022949219,0.5979276895523071,2.42496657371521,0.0,-58.84926986694336,162.51333618164062,112.82683563232422,0.024632476270198822,-0.12918038666248322,0.08648207783699036,0.9875355958938599,1
84177,-4.711299896240234,224.25047302246094,-8.072081565856934,-38.245174407958984,192.77928161621094,71.05364227294922,166.04193303603097,-347.244068105123,-299.4781473198527,106.33189392089844,-164.05247497558594,52.5473747253418,0.6238522529602051,1.9493231773376465,0.0,-57.9437141418457,159.64060974121094,113.71726989746094,0.0319574698805809,-0.13296526670455933,0.08266341686248779,0.9871503114700317,1
84179,-2.249614715576172,224.3647918701172,-10.651937484741211,-36.33449172973633,191.47323608398438,71.72736358642578,293.76497340679634,13.64222911419347,-307.86686752526293,159.23068237304688,-57.303192138671875,34.10869598388672,0.6684407591819763,1.8019968271255493,0.0,-56.7537956237793,158.58351135253906,114.34259796142578,0.04628044739365578,-0.14343507587909698,0.07796602696180344,0.9854977130889893,1
84180,-1.1992149353027344,224.62313842773438,-11.131139755249023,-35.46303939819336,191.41885375976562,71.92504119873047,125.20824363268912,30.79505473561585,-57.12117972783744,136.05221557617188,-6.221889972686768,24.178918838500977,0.6828699707984924,1.7846930027008057,0.0,-56.1140251159668,158.5605926513672,114.50896453857422,0.04738625884056091,-0.14611749351024628,0.07808708399534225,0.9850414395332336,1
84182,0.34860992431640625,227.0989532470703,-12.802279472351074,-34.08760452270508,193.19956970214844,72.74093627929688,184.7707896073116,295.5491096084006,-199.49143674373045,111.88578796386719,136.67178344726562,56.82545852661133,0.6964319944381714,1.7648284435272217,0.0,-54.93045425415039,160.22848510742188,115.16678619384766,0.05001862347126007,-0.1491996943950653,0.07819624245166779,0.9844404458999634,1
84184,1.9081306457519531,232.15660095214844,-14.777124404907227,-32.66008377075195,197.1498260498047,73.85946655273438,185.80715171381598,602.5871291966178,-235.29043695998553,119.77511596679688,270.0549011230469,69.59632873535156,0.699526309967041,1.7538831233978271,0.0,-53.55375289916992,163.7136993408203,115.9162368774414,0.057435762137174606,-0.15211400389671326,0.08021010458469391,0.9834270477294922,1
84186,3.4413299560546875,238.77120971679688,-17.291072845458984,-31.064659118652344,202.25550842285156,75.26180267333984,183.1268851175846,790.055598904728,-300.2685588043678,133.79595947265625,328.75836181640625,88.2142105102539,0.6975134015083313,1.7462576627731323,0.0,-51.973209381103516,168.0284423828125,116.69963836669922,0.06642980128526688,-0.15541978180408478,0.0840422511100769,0.982022762298584,1
84188,5.164541244506836,245.75572204589844,-19.522762298583984,-29.351337432861328,208.5652618408203,76.73614501953125,205.58201747115527,833.2641187364934,-266.24432141147554,135.62977600097656,385.4365234375,86.53641510009766,0.695858359336853,1.7462306022644043,0.0,-50.2983512878418,173.51905822753906,117.43113708496094,0.06745067238807678,-0.1593666523694992,0.08966269344091415,0.980822741985321,1
84190,7.080226898193359,253.98199462890625,-22.304590225219727,-27.58803939819336,215.1009521484375,78.14811706542969,228.7234137307678,982.1763522864785,-332.13652697522775,133.36854553222656,402.70220947265625,82.81697845458984,0.6995199918746948,1.7477656602859497,0.0,-48.63508224487305,179.27606201171875,118.10324096679688,0.07870665937662125,-0.16841228306293488,0.09609532356262207,0.9778590202331543,1
84191,8.00300407409668,257.80670166015625,-23.76278305053711,-26.851367950439453,218.43948364257812,79.06269836425781,110.16626905335579,456.6147872507572,-174.08716569992248,120.15762329101562,398.88873291015625,109.82623291015625,0.7044034004211426,1.7513597011566162,0.0,-47.95637130737305,182.26792907714844,118.6966552734375,0.08007221668958664,-0.17309853434562683,0.09829968959093094,0.9767100214958191,1
84193,9.689058303833008,265.617919921875,-26.571897506713867,-25.448078155517578,224.81739807128906,80.61690521240234,201.175783789251,932.0150730833411,-335.1765278412495,114.6046142578125,362.9776306152344,89.33206176757812,0.7130458354949951,1.7638250589370728,0.0,-46.60030746459961,188.0299835205078,119.67215728759766,0.08898045122623444,-0.17962399125099182,0.10229973495006561,0.9743471741676331,1
84195,11.346498489379883,272.9647521972656,-29.219396591186523,-24.144100189208984,230.9049072265625,82.21668243408203,197.82457556156442,876.8847221606411,-315.9935346400598,116.43333435058594,365.59539794921875,90.25896453857422,0.7165098190307617,1.7712119817733765,0.0,-45.2756462097168,193.57687377929688,120.77411651611328,0.0991351380944252,-0.18605449795722961,0.10400335490703583,0.9719769954681396,1
84197,12.919515609741211,279.5120849609375,-31.921236038208008,-22.691181182861328,236.45083618164062,83.905517578125,187.86281891012914,781.9370643871371,-322.67619226130773,115.06646728515625,326.2991943359375,110.8249740600586,0.7184341549873352,1.7775592803955078,0.0,-43.79856491088867,198.57232666015625,121.93627166748047,0.10820329934358597,-0.18898728489875793,0.10286262631416321,0.9705643653869629,1
84199,14.097707748413086,285.16839599609375,-34.90404510498047,-21.38748550415039,241.09613037109375,85.66265106201172,140.71512798266485,675.5507061174139,-356.2461043509247,109.17478942871094,268.7967834472656,108.60442352294922,0.7188664078712463,1.784361720085144,0.0,-42.52326583862305,202.59390258789062,122.9798812866211,0.11739959567785263,-0.19046622514724731,0.10302421450614929,0.9691882729530334,1
84201,15.18632698059082,290.4618835449219,-37.517333984375,-20.09123992919922,245.25245666503906,87.16403198242188,129.97921110581956,632.0330518309493,-312.0220706149121,104.38887023925781,236.7570343017578,86.0408935546875,0.7184218764305115,1.7873585224151611,0.0,-41.3217887878418,206.18011474609375,123.77368927001953,0.12961933016777039,-0.19047008454799652,0.10211355239152908,0.9677255749702454,1
84202,15.431272506713867,292.95745849609375,-38.6711311340332,-19.511199951171875,247.14404296875,87.76212310791016,29.270915620261803,298.22044507600367,-137.87840727320872,101.48893737792969,226.2283935546875,72.06844329833984,0.7161905169487,1.7883081436157227,0.0,-40.783931732177734,207.8068389892578,124.00035858154297,0.13651494681835175,-0.18892693519592285,0.10434522479772568,0.966841459274292,1
84204,16.194366455078125,296.2519226074219,-40.559242248535156,-18.426231384277344,249.86964416503906,88.96869659423828,91.15076637495076,393.5202594464645,-225.5328789552441,93.24348449707031,151.82412719726562,77.97859954833984,0.7163549661636353,1.7923967838287354,0.0,-39.94623947143555,210.08108520507812,124.53437805175781,0.14248137176036835,-0.18705596029758453,0.10418324917554855,0.9663617014884949,1
84206,16.914295196533203,297.16058349609375,-41.49589920043945,-17.758670806884766,250.95867919921875,89.72267150878906,85.9753280528821,108.51409798488021,-111.85744376620278,67.9559555053711,39.93563461303711,33.99397277832031,0.7186518311500549,1.7958577871322632,0.0,-39.40816879272461,210.92454528808594,124.94896697998047,0.14021970331668854,-0.18618452548980713,0.10049894452095032,0.9672505855560303,1
84208,16.8995418548584,297.3317565917969,-41.7213020324707,-17.424259185791016,251.05538940429688,89.88411712646484,-1.7610322598193306,20.432072285097092,-26.905203404836357,53.90972137451172,-0.6217223405838013,4.627175331115723,0.71990966796875,1.7987531423568726,0.0,-39.11685562133789,210.8607635498047,124.8999252319336,0.14173972606658936,-0.1821298599243164,0.10024420917034149,0.9678272604942322,1
84210,17.109119415283203,296.4982604980469,-41.245521545410156,-17.012592315673828,250.54150390625,89.74244689941406,25.01854352974624,-99.49948010221124,56.796800201322185,55.971012115478516,-43.4224739074707,-11.68526840209961,0.7174206376075745,1.802352786064148,0.0,-38.781246185302734,210.14537048339844,124.45923614501953,0.13675159215927124,-0.17796121537685394,0.09894243627786636,0.9694530367851257,1
84212,17.009376525878906,293.4624938964844,-39.92922592163086,-16.987106323242188,248.36932373046875,89.13080596923828,-11.908967077790294,-362.46036915294826,157.16129081329564,29.895788192749023,-152.3773651123047,-43.83547592163086,0.7151404023170471,1.8091347217559814,0.0,-38.805973052978516,207.9237823486328,123.75192260742188,0.1275482177734375,-0.17327669262886047,0.09873738884925842,0.9715747833251953,1
84213,16.421588897705078,289.02557373046875,-38.1776237487793,-17.023258209228516,246.91397094726562,88.72624206542969,-33.74190939863911,-217.64075500145555,100.97856639954261,27.889131546020508,-173.1617431640625,-47.58608627319336,0.7111219763755798,1.8104745149612427,0.0,-38.88070297241211,206.50396728515625,123.35023498535156,0.12560221552848816,-0.16914096474647522,0.09937679767608643,0.9724915027618408,1
84215,15.955829620361328,286.07855224609375,-36.86992263793945,-17.225852966308594,242.60801696777344,87.62618255615234,-91.98553202743642,-663.5421414109878,264.1099055550294,18.55443000793457,-285.3152160644531,-76.55277252197266,0.703096330165863,1.8084981441497803,0.0,-39.33003616333008,202.6603546142578,122.51213836669922,0.12335260957479477,-0.1564789116382599,0.09321846067905426,0.9755043983459473,1
84217,14.774417877197266,280.0264892578125,-34.735260009765625,-17.62801742553711,237.48056030273438,86.56387329101562,-141.15022979967762,-723.0756647721864,255.04073601347045,-2.1237030029296875,-326.1873779296875,-66.82185363769531,0.6976147890090942,1.8124886751174927,0.0,-40.05885696411133,198.11221313476562,121.84100341796875,0.12081640958786011,-0.14490851759910583,0.0855565294623375,0.9783071875572205,1
84219,13.811714172363281,271.9966735839844,-32.47516632080078,-18.572654724121094,231.2903289794922,85.49744415283203,-114.95427150037722,-958.8221240162384,269.87267446151236,-26.068546295166016,-365.96575927734375,-59.23231887817383,0.6940786838531494,1.8212220668792725,0.0,-41.06959915161133,192.68247985839844,121.53727722167969,0.10611012578010559,-0.13890297710895538,0.07156594842672348,0.982000470161438,1
84221,12.537397384643555,262.4061279296875,-29.75072479248047,-19.862560272216797,223.9247283935547,84.19578552246094,-152.20164883522375,-1145.4740892376285,325.4014204015257,-56.22739028930664,-460.43988037109375,-73.9482650756836,0.6928851008415222,1.833175539970398,0.0,-42.32670211791992,186.25155639648438,121.24662780761719,0.08588574081659317,-0.1354556679725647,0.06027647852897644,0.9852117300033569,1
84223,11.56239128112793,253.23013305664062,-27.529296875,-21.050682067871094,216.56321716308594,83.06259155273438,-116.3553502690047,-1095.0455527100712,265.10092860320583,-35.96560287475586,-429.7311096191406,-61.18880844116211,0.69492107629776,1.8373371362686157,0.0,-43.49863052368164,179.8685760498047,121.07862091064453,0.07080738991498947,-0.13515931367874146,0.05245953053236008,0.9868972897529602,1
84225,10.52645492553711,245.56787109375,-26.276979446411133,-21.846145629882812,209.80043029785156,82.50638580322266,-123.45803448164952,-913.1524311476387,149.2453155507974,-10.671382904052734,-393.2461853027344,-37.443546295166016,0.6919848918914795,1.8288527727127075,0.0,-44.365604400634766,174.1173858642578,121.4247817993164,0.06617817282676697,-0.13289213180541992,0.051971435546875,0.9875520467758179,1
84226,9.789411544799805,241.94854736328125,-25.87641716003418,-22.18499755859375,206.48974609375,82.33209228515625,-87.82690168783301,-431.28260528482497,47.7314435824519,-8.354598999023438,-395.94525146484375,-20.237577438354492,0.6872643232345581,1.8233023881912231,0.0,-44.77280807495117,171.25901794433594,121.63777923583984,0.06588350981473923,-0.13040587306022644,0.05219997093081474,0.9878910779953003,1
84228,8.849071502685547,235.72361755371094,-25.883384704589844,-23.015472412109375,200.34304809570312,82.4318618774414,-112.1009415598819,-742.0937762344256,-0.8306232533650473,-11.802886962890625,-355.1462097167969,11.940192222595215,0.6837495565414429,1.8108022212982178,0.0,-45.60469436645508,165.848388671875,122.39134216308594,0.0669742226600647,-0.13233697414398193,0.05599719658493996,0.9873528480529785,1
84230,8.760356903076172,230.81295776367188,-25.745506286621094,-23.627197265625,195.87171936035156,82.87995147705078,-10.567831576801836,-584.9660125910304,16.424307899549603,1.4913806915283203,-254.32301330566406,26.52720069885254,0.6851072907447815,1.8003805875778198,0.0,-46.2043571472168,161.84027099609375,123.26188659667969,0.06144037842750549,-0.13813140988349915,0.05727729573845863,0.9868455529212952,1
84232,9.465764999389648,228.10421752929688,-26.090070724487305,-23.608631134033203,192.3921356201172,83.25651550292969,84.19767226162367,-323.31585600972176,-41.12729037855752,32.50542449951172,-184.82542419433594,29.46990966796875,0.6856232285499573,1.7822479009628296,0.0,-46.287174224853516,158.7451171875,123.9356689453125,0.07215271145105362,-0.14438161253929138,0.05984298139810562,0.9850719571113586,1
84234,10.112737655639648,226.4536895751953,-26.917497634887695,-23.477008819580078,190.11473083496094,83.87538146972656,77.25969152525067,-197.1014993536519,-98.8090412163001,45.234195709228516,-123.1170654296875,38.742774963378906,0.6853005886077881,1.7727910280227661,0.0,-46.16164779663086,156.4918212890625,124.59268951416016,0.0784926787018776,-0.14804969727993011,0.05893903598189354,0.9840967059135437,1
84236,10.836345672607422,225.9153289794922,-28.14447784423828,-23.16305160522461,188.67745971679688,84.449951171875,86.44798216663185,-64.31684846663848,-146.5848370520107,46.17094421386719,-67.37767028808594,31.715362548828125,0.6849422454833984,1.7617954015731812,0.0,-45.94094467163086,155.0535888671875,125.13860321044922,0.08783447742462158,-0.15276658535003662,0.059566181153059006,0.982547402381897,1
84237,11.243118286132812,226.19882202148438,-28.774866104125977,-23.065502166748047,188.46665954589844,84.70690155029297,48.56470932110096,33.84632278850768,-75.26225115194393,43.77404022216797,-24.758028030395508,31.117416381835938,0.6834956407546997,1.7570017576217651,0.0,-45.846920013427734,154.7543487548828,125.31796264648438,0.09154627472162247,-0.15564574301242828,0.05999993160367012,0.9817299246788025,1
84239,11.765382766723633,227.81459045410156,-30.350034713745117,-22.804954528808594,188.79273986816406,85.1579818725586,62.36986727104522,192.95829302631319,-188.10978108318523,50.9726676940918,34.45323944091797,24.14100456237793,0.6781426668167114,1.7430719137191772,0.0,-45.64780807495117,154.87588500976562,125.55196380615234,0.10536395758390427,-0.16096007823944092,0.06328776478767395,0.9792777895927429,1
84241,11.911413192749023,229.80467224121094,-31.374544143676758,-22.79067611694336,189.97080993652344,85.36076354980469,17.425602663861355,237.47362405643798,-122.25325048537343,30.349327087402344,83.31975555419922,3.217301607131958,0.674347460269928,1.7348576784133911,0.0,-45.72849655151367,155.8985595703125,125.56421661376953,0.11385942250490189,-0.16463853418827057,0.06680434197187424,0.9774801135063171,1
84243,11.602041244506836,232.85865783691406,-32.440513610839844,-23.165775299072266,192.28155517578125,85.35590362548828,-36.96150966861751,364.86798096843995,-127.35427691768564,5.70301628112793,151.0176544189453,-8.277819633483887,0.6728335618972778,1.7361409664154053,0.0,-46.06013870239258,157.86936950683594,125.26789855957031,0.11955206841230392,-0.16804951429367065,0.06826639920473099,0.9761180281639099,1
84245,10.135513305664062,237.86785888671875,-33.854244232177734,-23.83356475830078,195.0207061767578,85.1103286743164,-174.98477056874253,597.693281673477,-168.68504299756023,-16.652725219726562,169.35589599609375,-14.261775970458984,0.6693936586380005,1.7203792333602905,0.0,-46.6865348815918,160.17758178710938,124.68889617919922,0.14698155224323273,-0.16829782724380493,0.07652339339256287,0.9717079997062683,1
84247,6.997888565063477,242.56497192382812,-34.92359161376953,-25.241962432861328,198.3056182861328,84.50234985351562,-374.4033343992778,560.4923878842965,-127.602010564995,-65.73823547363281,206.67691040039062,-36.05244064331055,0.666275143623352,1.7177172899246216,0.0,-47.88957595825195,162.78489685058594,123.6209716796875,0.16451816260814667,-0.16128891706466675,0.0875716358423233,0.9691495299339294,1
84248,4.906564712524414,244.89405822753906,-35.84531021118164,-26.28436279296875,199.83514404296875,84.14305114746094,-249.87939060025383,278.28815968416166,-110.13047125466983,-93.46913146972656,184.65045166015625,-42.692989349365234,0.6674416065216064,1.7156083583831787,0.0,-48.66743850708008,164.0077667236328,123.12093353271484,0.17780175805091858,-0.15788307785987854,0.09262432903051376,0.9668920040130615,1
84250,0.255035400390625,248.6661376953125,-36.469905853271484,-28.721607208251953,202.7119140625,83.41535949707031,-555.8710964204511,450.7743171835318,-74.6409709774889,-137.71714782714844,165.9174346923828,-40.05763626098633,0.6627033948898315,1.7164826393127441,0.0,-50.513736724853516,166.12220764160156,121.99898529052734,0.1909644901752472,-0.1451621651649475,0.10322004556655884,0.9653010368347168,1
84252,-4.494163513183594,252.3829803466797,-35.54443359375,-31.827777862548828,205.8114776611328,82.52591705322266,-566.9256198585499,443.6902649034746,110.4763022015104,-160.46514892578125,162.54977416992188,-56.00387191772461,0.655077338218689,1.7217403650283813,0.0,-52.95731735229492,168.48114013671875,120.68074035644531,0.19006332755088806,-0.1371476650238037,0.1127302348613739,0.9655870199203491,1
84254,-9.55215835571289,255.70542907714844,-33.818931579589844,-35.57272720336914,208.03465270996094,81.40675354003906,-604.0679130893259,396.79452697047964,206.07383620896144,-203.4888916015625,130.90943908691406,-63.17531204223633,0.6526444554328918,1.7266901731491089,0.0,-55.98368453979492,170.2075653076172,119.39842987060547,0.19637586176395416,-0.13085314631462097,0.11969330906867981,0.9643585681915283,1
84256,-15.126388549804688,258.09466552734375,-32.415164947509766,-39.93931198120117,209.7666778564453,80.16788482666016,-665.8800974022888,285.41071049764287,167.68956952841836,-240.866455078125,91.77885437011719,-69.80288696289062,0.6534295082092285,1.7375251054763794,0.0,-59.351375579833984,171.434814453125,118.06243896484375,0.1999942660331726,-0.12144312262535095,0.12424689531326294,0.9642699956893921,1
84257,-18.300090789794922,258.6309814453125,-31.618518829345703,-42.37177658081055,210.29144287109375,79.622314453125,-378.8389370283985,64.01903421012685,95.09416629897896,-259.0813293457031,63.10007858276367,-64.70758819580078,0.6548845171928406,1.7411516904830933,0.0,-61.22469711303711,171.72288513183594,117.49840545654297,0.19942906498908997,-0.11446087807416916,0.12628088891506195,0.9649766087532043,1
84259,-25.736351013183594,259.37249755859375,-29.892410278320312,-47.56784439086914,210.87716674804688,78.19073486328125,-887.9588111667254,88.543938301038,206.11345634362078,-291.5063781738281,28.384916305541992,-92.63556671142578,0.6621820330619812,1.7455856800079346,0.0,-65.35505676269531,172.22634887695312,116.45117950439453,0.20430971682071686,-0.09700119495391846,0.13218699395656586,0.9650776982307434,1
84261,-34.514278411865234,260.2452697753906,-27.83772850036621,-53.10917282104492,211.4482879638672,76.5484848022461,-1048.3749948632321,104.23788290144876,245.39699413915514,-296.9026794433594,30.29792594909668,-100.59075927734375,0.6658681631088257,1.7409645318984985,0.0,-69.32679748535156,172.79815673828125,115.45021057128906,0.2130560725927353,-0.07462981343269348,0.14559601247310638,0.9632441401481628,1
84263,-41.49363327026367,260.4007263183594,-24.061893463134766,-58.523067474365234,211.8621368408203,75.08003997802734,-833.787218144862,18.571584499441087,451.07936990461894,-289.5308837890625,29.127714157104492,-88.30048370361328,0.6767478585243225,1.7534124851226807,0.0,-73.11027526855469,173.0909423828125,114.44586181640625,0.20054201781749725,-0.06454085558652878,0.15155966579914093,0.9657365083694458,1
84265,-47.97885513305664,259.58465576171875,-20.59906578063965,-63.608402252197266,212.1090850830078,73.63629913330078,-774.6426122218836,-97.47747126128525,413.6256150359404,-261.81231689453125,13.553466796875,-88.46156311035156,0.6880432367324829,1.7632933855056763,0.0,-76.77484130859375,173.41282653808594,113.54339599609375,0.17972953617572784,-0.05279647931456566,0.1589561253786087,0.9693517088890076,1
84267,-53.35660934448242,259.62921142578125,-17.801240921020508,-67.92915344238281,212.39642333984375,71.92549896240234,-642.5887829023413,5.323964022099972,334.3125774504151,-216.69110107421875,24.633764266967773,-98.53636169433594,0.6992329955101013,1.7581895589828491,0.0,-79.95475769042969,173.9146728515625,112.38076782226562,0.175894096493721,-0.04464608058333397,0.16409392654895782,0.9696087837219238,1
84269,-57.58798599243164,259.18353271484375,-15.611526489257812,-71.59199523925781,212.6114959716797,70.61331176757812,-504.45598048361717,-53.13289499189705,261.0532298488106,-178.11671447753906,17.809337615966797,-80.3219223022461,0.7074752449989319,1.757089614868164,0.0,-82.81631469726562,174.43309020996094,111.57353973388672,0.16623744368553162,-0.03935277462005615,0.16851010918617249,0.9707835912704468,1
84270,-59.296016693115234,258.998291015625,-14.71297550201416,-73.17343139648438,212.71951293945312,70.03043365478516,-203.54161091381684,-22.074775267392397,107.07800237933407,-156.58644104003906,13.154021263122559,-68.95915985107422,0.7122083306312561,1.7574963569641113,0.0,-83.99974060058594,174.72230529785156,111.27323913574219,0.16023871302604675,-0.03852829337120056,0.17002198100090027,0.9715614318847656,1
84272,-62.31489944458008,259.15216064453125,-13.050848960876465,-75.67765808105469,213.1600341796875,68.8050765991211,-359.6762533574947,18.332362064626068,198.0293691871193,-103.38154602050781,39.60795974731445,-65.33500671386719,0.7173762917518616,1.7513108253479004,0.0,-85.91386413574219,175.47201538085938,110.46796417236328,0.1565784364938736,-0.033662017434835434,0.17472226917743683,0.9715051054954529,1
84274,-64.49357604980469,260.053955078125,-11.790350914001465,-77.13906860351562,214.1771697998047,67.62328338623047,-259.7579674802546,107.51861409517005,150.28591663576663,-51.23847579956055,80.4078369140625,-64.8597183227539,0.7162579894065857,1.7452713251113892,0.0,-87.1318359375,176.59637451171875,109.42517852783203,0.15461203455924988,-0.029268382117152214,0.18170826137065887,0.9706804752349854,1
84275,-65.65220642089844,261.1401672363281,-10.74708366394043,-77.60296630859375,214.83697509765625,67.1572494506836,-93.18591765698511,63.1759689131286,57.00858538674947,-22.87287139892578,78.58274841308594,-54.70083236694336,0.7152076363563538,1.744941234588623,0.0,-87.5291748046875,177.3087158203125,109.0216293334961,0.15390373766422272,-0.027293115854263306,0.18433824181556702,0.9703546166419983,1
84278,-66.29869079589844,263.1810302734375,-10.021727561950684,-77.87738037109375,217.63815307617188,65.71354675292969,-122.08549115865026,309.9091836332809,153.96738067014667,43.41106414794922,127.34829711914062,-56.22187423706055,0.7048923373222351,1.742967963218689,0.0,-87.72959899902344,180.1962890625,107.69088745117188,0.15430845320224762,-0.01916244626045227,0.19122861325740814,0.9691508412361145,1
84280,-65.5965576171875,266.4196472167969,-9.892338752746582,-77.19964599609375,220.12826538085938,64.81636047363281,83.84235754958354,386.7261766917072,15.450434665573994,82.19734191894531,165.49224853515625,-55.27973175048828,0.6979352831840515,1.7378394603729248,0.0,-87.06181335449219,182.6360626220703,106.76858520507812,0.1627466380596161,-0.0223122239112854,0.19313514232635498,0.967323362827301,1
84281,-64.90386962890625,268.3912658691406,-9.735026359558105,-76.74903869628906,221.71099853515625,64.389404296875,82.73315941588953,235.48587969085202,18.789052970372722,86.03831481933594,189.37925720214844,-50.39491653442383,0.6962063908576965,1.7380311489105225,0.0,-86.6016845703125,184.105712890625,106.25270080566406,0.16393855214118958,-0.02578243799507618,0.1943611353635788,0.9667901396751404,1
84283,-62.7714958190918,272.095703125,-9.65575885772705,-75.18702697753906,224.68992614746094,63.68197250366211,254.43964160903124,442.02178970957175,9.458376699389191,132.20794677734375,184.11021423339844,-47.28025817871094,0.6912501454353333,1.7386153936386108,0.0,-85.18656921386719,186.96017456054688,105.42239379882812,0.17079828679561615,-0.030690519139170647,0.19565315544605255,0.9651973247528076,1
84285,-60.27629470825195,276.74957275390625,-9.068646430969238,-73.38873291015625,228.0265655517578,62.6318359375,297.9463198315934,555.7080440870486,70.10576667345595,154.45486450195312,189.1541748046875,-63.44251251220703,0.6918893456459045,1.7440465688705444,0.0,-83.43522644042969,190.0670623779297,104.17485809326172,0.18082943558692932,-0.04042729362845421,0.197466179728508,0.962638795375824,1
84287,-56.44081497192383,280.76153564453125,-8.761773109436035,-71.13264465332031,231.78155517578125,62.083187103271484,458.2048118324019,479.28833620622754,36.660559360461775,172.44691467285156,224.4433135986328,-22.816011428833008,0.6902936100959778,1.7517459392547607,0.0,-81.32600402832031,193.55076599121094,103.3561782836914,0.17434684932231903,-0.055484022945165634,0.1950121968984604,0.9635844230651855,1
84288,-52.85274887084961,285.4703674316406,-8.982050895690918,-69.822998046875,233.7596435546875,61.98777770996094,240.2603637279244,221.57034039823338,15.392861905871541,187.90426635742188,235.4378204345703,-10.72183609008789,0.6877835988998413,1.7663187980651855,0.0,-80.11668395996094,195.36766052246094,103.09187316894531,0.16994842886924744,-0.06140825152397156,0.19474785029888153,0.9640642404556274,1
84290,-50.950496673583984,288.6930847167969,-9.510909080505371,-67.22761535644531,237.7913818359375,62.00419616699219,415.17367611522786,725.3410537960008,-104.84130948789243,188.92861938476562,233.2428436279297,12.71436882019043,0.6782405972480774,1.9338513612747192,0.0,-77.59272766113281,198.7902069091797,102.60033416748047,0.18011565506458282,-0.0770527720451355,0.19941622018814087,0.9601324796676636,1
84292,-47.546939849853516,294.70538330078125,-9.353926658630371,-64.16270446777344,242.0120086669922,62.001380920410156,406.31398159393575,717.7435555527918,18.740440126508474,234.48031616210938,249.3660430908203,-4.5013108253479,0.6634465456008911,2.196133613586426,0.0,-74.71128845214844,202.3957061767578,102.0638427734375,0.19478163123130798,-0.08420881628990173,0.20220017433166504,0.9560774564743042,1
84294,-43.3522834777832,301.89788818359375,-10.836043357849121,-60.956722259521484,245.89569091796875,62.38123321533203,501.0140236784937,859.0800990657881,-177.02552609099075,218.54750061035156,219.2998504638672,35.154327392578125,0.6793147921562195,2.347914934158325,0.0,-71.73947143554688,205.58224487304688,101.84253692626953,0.22619621455669403,-0.10115090012550354,0.20193666219711304,0.9475364685058594,1
84296,-36.691410064697266,306.6346435546875,-12.144573211669922,-57.12211227416992,250.09716796875,62.56087112426758,795.2965058101108,565.5602143867873,-156.23615041946323,262.6975402832031,258.38909912109375,19.42268943786621,0.7130633592605591,2.433481216430664,0.0,-68.26773071289062,209.22882080078125,101.41666412353516,0.22843264043331146,-0.12687338888645172,0.1951659768819809,0.9453210830688477,1
84297,-34.12032699584961,308.5860290527344,-12.721844673156738,-55.06459426879883,252.0368194580078,62.71547317504883,307.1009174825158,233.08164721447974,-68.95171828832827,277.6655578613281,231.66754150390625,19.06672477722168,0.7213069200515747,2.4525701999664307,0.0,-66.46453857421875,210.9307098388672,101.22592163085938,0.22657443583011627,-0.13101887702941895,0.19628672301769257,0.9449706673622131,1
84299,-28.642723083496094,313.28497314453125,-14.923904418945312,-50.73030471801758,255.24810791015625,63.215965270996094,654.1290551908605,561.1424097733106,-262.96740035144467,305.681396484375,195.41171264648438,25.32451057434082,0.7329128980636597,2.4671785831451416,0.0,-62.73232650756836,213.76231384277344,101.1942138671875,0.24565047025680542,-0.1431102603673935,0.1930135041475296,0.9391065239906311,1
84301,-22.936233520507812,315.3515930175781,-16.645158767700195,-46.45058822631836,257.843017578125,64.27944946289062,681.7517899066443,246.89816426625475,-205.63749748343253,276.5399475097656,148.7034454345703,75.63748168945312,0.7341432571411133,2.483278274536133,0.0,-58.99845504760742,215.94830322265625,101.67150115966797,0.2373255342245102,-0.15365150570869446,0.185115784406662,0.9411694407463074,1
84303,-17.571571350097656,317.7664489746094,-18.12348175048828,-42.18571853637695,260.278564453125,65.51221466064453,640.378264567873,288.2606989634223,-176.46701248221507,293.86297607421875,144.9326171875,70.22315216064453,0.7336100339889526,2.49353289604187,0.0,-55.3241081237793,218.06204223632812,102.37483215332031,0.23319554328918457,-0.1587526947259903,0.1781742423772812,0.9426936507225037,1
84305,-11.483440399169922,319.7089538574219,-19.546476364135742,-37.865177154541016,262.35125732421875,66.40805053710938,726.5169291782076,231.8055728022009,-169.81068332420546,281.9112854003906,96.36016845703125,62.94381332397461,0.7343509793281555,2.501485586166382,0.0,-51.53226852416992,219.86886596679688,102.70551300048828,0.22967307269573212,-0.16951017081737518,0.1719008982181549,0.9428502917289734,1
84306,-8.570411682128906,320.10235595703125,-21.54891586303711,-35.84463882446289,262.6614990234375,67.21855926513672,347.9027983187407,46.983982862206176,-239.1511971908767,275.0211181640625,37.54619598388672,98.02716827392578,0.7387072443962097,2.507451295852661,0.0,-49.73557662963867,220.04345703125,103.21048736572266,0.23414096236228943,-0.17662842571735382,0.1686764657497406,0.9410253167152405,1
84308,-2.374481201171875,319.9554443359375,-25.00884246826172,-31.826290130615234,262.16046142578125,68.87517547607422,739.390791018086,-17.531684718560427,-412.8900215010799,279.03485107421875,-43.52688217163086,94.84639739990234,0.7486322522163391,2.5089540481567383,0.0,-46.413936614990234,219.3954315185547,104.42350769042969,0.23920652270317078,-0.19384969770908356,0.15971890091896057,0.9379191994667053,1
84310,3.2451915740966797,318.2164306640625,-26.14740562438965,-27.687828063964844,261.0948486328125,69.95762634277344,670.8010181286663,-207.58008309081197,-135.90636944121798,275.3807373046875,-62.1112060546875,60.147220611572266,0.7425943613052368,2.5118296146392822,0.0,-43.08308029174805,218.312744140625,105.12757873535156,0.2283959537744522,-0.20406824350357056,0.1544312685728073,0.9393308162689209,1
84312,8.15959358215332,315.69293212890625,-27.35199546813965,-23.91010284423828,258.6787109375,70.8119888305664,587.0434894120262,-301.4412299147807,-143.8927104510367,249.51499938964844,-169.15078735351562,52.48203659057617,0.74267578125,2.513608932495117,0.0,-40.05355453491211,215.85781860351562,105.60008239746094,0.22739404439926147,-0.2078109085559845,0.15023791790008545,0.9394333958625793,1
84314,12.516408920288086,311.6770324707031,-27.916404724121094,-20.878135681152344,255.570068359375,71.69503784179688,520.7141561193857,-479.96888536401093,-67.45658620458562,209.87686157226562,-193.2760467529297,41.85108947753906,0.7398634552955627,2.5182459354400635,0.0,-37.62871170043945,212.83169555664062,106.31639862060547,0.21477843821048737,-0.212569460272789,0.14577168226242065,0.9420377016067505,1
84316,17.040485382080078,306.88519287109375,-27.67728042602539,-18.0115966796875,252.00132751464844,72.09765625,539.3081786435359,-571.2278093977366,28.505638833594276,204.53829956054688,-241.6538848876953,15.302706718444824,0.7314633727073669,2.5250155925750732,0.0,-35.32840347290039,209.55389404296875,106.807861328125,0.19982756674289703,-0.21928463876247406,0.13947811722755432,0.9447375535964966,1
84318,20.06866455078125,300.0981140136719,-26.384416580200195,-15.541622161865234,247.14205932617188,72.2802734375,361.0658691552817,-809.2594229592942,154.15501599680283,174.70472717285156,-322.4222412109375,7.659665584564209,0.7193074822425842,2.535674571990967,0.0,-33.43362808227539,205.19842529296875,107.21810913085938,0.18480005860328674,-0.21390192210674286,0.13383831083774567,0.9498327374458313,1
84319,21.37483787536621,295.68572998046875,-25.235319137573242,-14.567562103271484,244.06668090820312,72.17926788330078,155.66567137550737,-525.8541955857072,136.94585666051717,147.85353088378906,-364.9031066894531,-11.370016098022461,0.7150227427482605,2.5474860668182373,0.0,-32.744686126708984,202.4320831298828,107.3183364868164,0.17231211066246033,-0.21045808494091034,0.13096994161605835,0.9533429741859436,1
84321,23.55168342590332,285.6427001953125,-21.33417510986328,-12.986377716064453,237.83612060546875,71.58574676513672,259.30262600423885,-1196.3108708779328,464.698513202442,119.02679443359375,-375.91326904296875,-41.0333366394043,0.7010671496391296,2.567777156829834,0.0,-31.69568634033203,196.96153259277344,107.33634948730469,0.1338699460029602,-0.20014280080795288,0.12313474714756012,0.9627354145050049,1
84323,25.02178382873535,275.6431579589844,-17.348037719726562,-11.610038757324219,230.8346405029297,70.47162628173828,175.21823107317323,-1191.824788848171,475.09948366036406,100.97679138183594,-446.2538757324219,-60.7764892578125,0.6796892285346985,2.5908849239349365,0.0,-30.911788940429688,190.89817810058594,106.95369720458984,0.10812542587518692,-0.19112005829811096,0.11907681077718735,0.9682989120483398,1
84325,25.68318748474121,266.59490966796875,-14.525994300842285,-10.777286529541016,223.521484375,69.24769592285156,79.01445414376212,-1080.94715410145,337.13484690983023,79.72782897949219,-438.6055908203125,-77.09212493896484,0.6666064262390137,2.5863614082336426,0.0,-30.553302764892578,184.49441528320312,106.45012664794922,0.09797996282577515,-0.18139174580574036,0.11442824453115463,0.9718040823936462,1
84327,25.79618263244629,257.6103210449219,-11.98780632019043,-10.225910186767578,216.03463745117188,68.11544799804688,13.489452665729914,-1072.587499668356,303.0109461964894,64.60296630859375,-457.44635009765625,-64.03413391113281,0.6476736068725586,2.580448865890503,0.0,-30.391155242919922,178.0629119873047,106.13809967041016,0.0909457728266716,-0.1701187789440155,0.11207851767539978,0.9747958183288574,1
84329,26.14980697631836,248.47540283203125,-9.402841567993164,-9.648857116699219,208.96559143066406,67.03433227539062,42.25014747284877,-1091.417059756117,308.84508910382283,70.94825744628906,-406.2170104980469,-64.82103729248047,0.6319317817687988,2.568941831588745,0.0,-30.127883911132812,172.0526123046875,105.90357208251953,0.0763523131608963,-0.16341036558151245,0.10818928480148315,0.9776310324668884,1
84330,26.40479278564453,244.23202514648438,-8.445089340209961,-9.35892105102539,205.58624267578125,66.64794921875,30.448085981130134,-506.7055651503615,114.36605926119955,66.8038330078125,-403.1002502441406,-45.4974250793457,0.623361349105835,2.5570225715637207,0.0,-30.029258728027344,169.19595336914062,105.89881134033203,0.07288382202386856,-0.16114167869091034,0.10456286370754242,0.978666365146637,1
84332,27.119434356689453,236.35665893554688,-7.383630752563477,-8.771942138671875,199.59689331054688,66.26982879638672,85.3054359415255,-940.0678256666288,126.70433854087605,70.42152404785156,-337.861328125,-19.87833023071289,0.6178272366523743,2.5058393478393555,0.0,-29.7530517578125,164.2154998779297,106.25736236572266,0.05940607562661171,-0.16014447808265686,0.10061871260404587,0.9801533222198486,1
84334,28.762544631958008,230.4947509765625,-7.725022792816162,-7.692146301269531,194.98045349121094,66.14443969726562,196.1584364326991,-699.8085990052205,-40.75619867667774,113.82879638671875,-265.9513854980469,-0.0929364562034607,0.6310303211212158,2.168076753616333,0.0,-29.123058319091797,160.6873779296875,106.72969055175781,0.05448482558131218,-0.16469866037368774,0.09316401928663254,0.9804214239120483,1
84336,31.4837703704834,228.260009765625,-10.279780387878418,-5.072929382324219,191.57420349121094,66.25621032714844,325.0604753951484,-266.94809994194657,-305.17524019169286,206.8088836669922,-180.5652618408203,9.022561073303223,0.6725541353225708,1.7879016399383545,0.0,-27.587127685546875,158.1852264404297,107.11603546142578,0.07554632425308228,-0.17505596578121185,0.08322618901729584,0.9781214594841003,1
84338,33.428138732910156,228.41383361816406,-12.180015563964844,-2.9368743896484375,189.72215270996094,66.5988540649414,232.12950400973205,18.36434663552791,-226.86063888442004,151.87393188476562,-96.82133483886719,26.383848190307617,0.7013661861419678,1.7415895462036133,0.0,-26.383495330810547,156.80947875976562,107.60023498535156,0.09862039983272552,-0.18376654386520386,0.07755224406719208,0.9749305248260498,1
84340,35.004859924316406,228.74610900878906,-14.037160873413086,-1.2030601501464844,189.38485717773438,67.44149017333984,188.31518641021103,39.68520399555564,-221.8075504063454,134.93995666503906,-2.3351032733917236,57.6322135925293,0.7104457020759583,1.728709101676941,0.0,-25.05712890625,156.63131713867188,108.46829223632812,0.10677963495254517,-0.18632371723651886,0.07689343392848969,0.9736369848251343,1
84341,35.876102447509766,229.61099243164062,-15.195897102355957,-0.296630859375,189.78060913085938,67.93363189697266,104.03999835133436,103.28062220581342,-138.3712481192706,140.75128173828125,47.65496063232422,59.56024932861328,0.7124658823013306,1.721047043800354,0.0,-24.31505584716797,157.03369140625,108.9261703491211,0.11371501535177231,-0.1885867416858673,0.07665939629077911,0.9724336862564087,1
84343,37.38093948364258,233.20767211914062,-18.675518035888672,1.5110855102539062,191.46966552734375,69.07300567626953,179.56054158578627,429.1639141589403,-415.1962002104992,136.44522094726562,125.89026641845703,76.14865112304688,0.7124086618423462,1.711108922958374,0.0,-22.72252655029297,158.54534912109375,109.85166931152344,0.1405898779630661,-0.19299161434173584,0.07781114429235458,0.9679535627365112,1
84345,38.802879333496094,237.0819091796875,-21.897533416748047,2.955230712890625,194.40179443359375,70.4300308227539,169.79062066189363,462.6138828371186,-384.7335675659124,111.74386596679688,196.5405731201172,84.70497131347656,0.7138391733169556,1.7094544172286987,0.0,-21.33184051513672,161.21945190429688,110.95640563964844,0.15184414386749268,-0.19950881600379944,0.08031629770994186,0.9647221565246582,1
84347,40.71078109741211,242.089111328125,-25.24923324584961,4.4506683349609375,198.30245971679688,71.65650939941406,227.92104342748644,598.1685010772198,-400.3995052326936,120.73294067382812,240.72860717773438,78.58714294433594,0.7172934412956238,1.7083990573883057,0.0,-19.796104431152344,164.77987670898438,111.92132568359375,0.16515511274337769,-0.20734244585037231,0.0823216363787651,0.9607059955596924,1
84349,42.382118225097656,246.42755126953125,-26.841623306274414,5.823276519775391,202.27780151367188,73.19145202636719,199.6579954996123,518.27019692678,-190.22697590533062,115.73553466796875,239.5276641845703,90.80127716064453,0.7211265563964844,1.7201783657073975,0.0,-18.295738220214844,168.27745056152344,113.08506774902344,0.16360285878181458,-0.2096681296825409,0.08293064683675766,0.9604144096374512,1
84351,43.63539123535156,251.24461364746094,-29.072200775146484,7.167766571044922,206.0199432373047,74.8206787109375,149.68624616449233,575.3319340583403,-266.41183952961,108.74542236328125,209.88368225097656,95.11026763916016,0.7252628207206726,1.7214115858078003,0.0,-16.917640686035156,171.51744079589844,114.25422668457031,0.17330993711948395,-0.20920386910438538,0.08537892252206802,0.9585968255996704,1
84352,44.115013122558594,253.3504180908203,-30.096097946166992,7.749765396118164,207.7835235595703,75.5616226196289,57.28196300275158,251.49939031759277,-122.28557835539686,101.51564025878906,210.31088256835938,88.87244415283203,0.7252063751220703,1.7226983308792114,0.0,-16.29808807373047,173.10549926757812,114.84268188476562,0.17653046548366547,-0.20911622047424316,0.08710680902004242,0.9578725695610046,1
84354,44.81166458129883,257.21441650390625,-32.324554443359375,8.71668815612793,210.8404541015625,76.79444122314453,83.16350667612278,461.26890827773605,-266.0243575989007,86.767578125,185.68397521972656,67.14450073242188,0.725084662437439,1.7267825603485107,0.0,-15.266162872314453,175.79483032226562,115.73725128173828,0.18436360359191895,-0.21037612855434418,0.09222038090229034,0.9556397795677185,1
84356,45.36198043823242,260.32861328125,-33.46543884277344,9.502748489379883,213.6949462890625,77.77041625976562,65.70935580111109,371.8443899061531,-136.2250023954548,72.02639770507812,163.2584991455078,61.12849426269531,0.7248104810714722,1.7361116409301758,0.0,-14.332115173339844,178.16546630859375,116.3380355834961,0.1840754598379135,-0.20917406678199768,0.09621196985244751,0.9555656313896179,1
84358,45.62019729614258,262.52044677734375,-33.878517150878906,10.145111083984375,215.6743927001953,78.60029602050781,30.834318181150593,261.73229728545994,-49.326709684799425,74.76931762695312,101.68755340576172,47.21626663208008,0.7281002998352051,1.7411787509918213,0.0,-13.511455535888672,179.83425903320312,116.96150970458984,0.18064230680465698,-0.2051571011543274,0.09959006309509277,0.9567448496818542,1
84360,45.875892639160156,263.5421142578125,-34.18570327758789,10.890298843383789,216.69717407226562,79.17396545410156,30.531192876049317,121.99176775477827,-36.679427840630524,79.15274047851562,47.34236145019531,30.959068298339844,0.731583297252655,1.744122862815857,0.0,-12.708881378173828,180.6847381591797,117.38299560546875,0.17828844487667084,-0.20091600716114044,0.10201556235551834,0.9578302502632141,1
84362,46.55491638183594,262.2846984863281,-32.900882720947266,11.647111892700195,216.37448120117188,79.12584686279297,80.95716936327517,-149.91643910855055,153.18379736691713,75.35523223876953,-44.62895202636719,-14.640151977539062,0.7355232238769531,1.7527862787246704,0.0,-11.898746490478516,180.31716918945312,117.31452178955078,0.16516071557998657,-0.19568893313407898,0.1006249189376831,0.9614064693450928,1
84363,46.78516387939453,261.0767517089844,-32.05385971069336,12.081977844238281,215.72084045410156,78.82810974121094,27.439452863822225,-143.95552182057872,100.94289063237375,84.09024810791016,-77.73847961425781,-34.90664291381836,0.7359099984169006,1.7553826570510864,0.0,-11.442882537841797,179.70892333984375,117.0775146484375,0.16115833818912506,-0.19080640375614166,0.10019411146640778,0.963110625743866,1
84365,47.5645751953125,257.0991516113281,-29.29034996032715,12.947513580322266,213.30091857910156,77.74885559082031,92.91488290153211,-474.1761374962516,329.4424645991967,86.21063995361328,-168.42100524902344,-72.49832916259766,0.7362641096115112,1.7637388706207275,0.0,-10.55875015258789,177.47653198242188,116.1957778930664,0.14154762029647827,-0.1839088648557663,0.09639400988817215,0.96791011095047,1
84367,47.624656677246094,252.08729553222656,-27.113544464111328,13.909112930297852,209.440673828125,76.3251724243164,7.1607979843975045,-597.3369456663495,259.4420761284855,93.43891906738281,-254.0907440185547,-87.48050689697266,0.7296926379203796,1.7540029287338257,0.0,-9.805374145507812,174.12644958496094,115.12102508544922,0.13760633766651154,-0.17101942002773285,0.09482577443122864,0.9709917306900024,1
84369,48.12855911254883,246.5673370361328,-25.19963264465332,14.899492263793945,204.6311492919922,74.66659545898438,60.07102387884515,-658.0431754211895,228.16052186688466,89.849365234375,-298.4227600097656,-100.49443054199219,0.7199899554252625,1.7391685247421265,0.0,-9.159610748291016,170.08596801757812,113.97853088378906,0.13898727297782898,-0.16443529725074768,0.0895586833357811,0.9724314212799072,1
84371,49.044960021972656,241.58616638183594,-24.31328010559082,15.9627685546875,200.1601104736328,73.18386840820312,109.3977846421476,-594.6404340073932,105.8106808802113,97.35023498535156,-257.5721130371094,-82.54308319091797,0.7147119045257568,1.7244906425476074,0.0,-8.486175537109375,166.39512634277344,112.99186706542969,0.13972388207912445,-0.1656000018119812,0.08596719801425934,0.9724523425102234,1
84372,49.47675704956055,238.7599639892578,-23.874706268310547,16.531143188476562,198.16891479492188,72.75184631347656,51.58043661210104,-337.60480978223495,52.389962339322665,100.42095947265625,-238.7530059814453,-51.23512268066406,0.712814450263977,1.7230652570724487,0.0,-8.04690933227539,164.66282653808594,112.72248840332031,0.12972626090049744,-0.1633497029542923,0.08468863368034363,0.9743283987045288,1
84374,51.136451721191406,234.8433074951172,-23.562345504760742,17.94680404663086,194.61830139160156,72.20370483398438,198.22773102350766,-467.7908191806637,37.3072026304726,125.4832763671875,-200.1040496826172,-27.631528854370117,0.7129048705101013,1.7158757448196411,0.0,-6.963645935058594,161.61598205566406,112.39134979248047,0.12781581282615662,-0.1667395532131195,0.07979664206504822,0.9744195938110352,1
84376,53.356483459472656,232.0594940185547,-24.750825881958008,19.718212127685547,191.8890838623047,72.3724594116211,265.07489250041544,-332.39122005179524,-141.90621818241198,138.4885711669922,-148.9727325439453,28.476116180419922,0.7149373888969421,1.7056515216827393,0.0,-5.696662902832031,159.32362365722656,112.65733337402344,0.13263273239135742,-0.17235888540744781,0.07687560468912125,0.9730319380760193,1
84378,55.68241882324219,230.302734375,-27.709413528442383,21.118228912353516,190.24728393554688,73.08406829833984,277.6462719243136,-209.7039209677605,-353.16580288647674,112.74832153320312,-88.84907531738281,54.74872589111328,0.7187128663063049,1.7041473388671875,0.0,-4.775970458984375,157.9739990234375,113.37718200683594,0.14080306887626648,-0.18409718573093414,0.07200377434492111,0.9701021313667297,1
84379,56.55901336669922,230.29283142089844,-29.54520034790039,21.743511199951172,190.0211639404297,73.8497314453125,104.70551045215689,-1.1828659805469215,-219.27697069005808,106.50274658203125,-26.6143798828125,91.60933685302734,0.7201299667358398,1.7050617933273315,0.0,-4.38037109375,157.76187133789062,113.9755630493164,0.14769811928272247,-0.18922056257724762,0.07279866188764572,0.9680295586585999,1
84382,59.10643768310547,231.28103637695312,-36.673133850097656,23.631607055664062,191.38064575195312,76.47807312011719,304.3073380305432,118.04787198931444,-851.4806331017462,93.13456726074219,84.99319458007812,112.43858337402344,0.7183625102043152,1.7091119289398193,0.0,-2.937519073486328,158.90333557128906,116.09403991699219,0.16213274002075195,-0.20088765025138855,0.0693989098072052,0.9636082649230957,1
84383,59.92902374267578,232.2759552001953,-38.33986282348633,24.14691925048828,192.31761169433594,77.40850067138672,98.15802241384517,118.72224555176217,-198.88839352948708,93.74890899658203,112.17791748046875,111.75811767578125,0.7183232307434082,1.709528923034668,0.0,-2.4981918334960938,159.7594451904297,116.90447998046875,0.16629324853420258,-0.20310845971107483,0.06939767301082611,0.9624330997467041,1
84385,61.016273498535156,233.99681091308594,-40.99152755737305,25.25599479675293,194.3580780029297,79.19998931884766,129.79847751627676,205.43987281178124,-316.5620810556575,87.81199645996094,125.88579559326172,112.89337158203125,0.7145938277244568,1.7136844396591187,0.0,-1.5214042663574219,161.56378173828125,118.4083251953125,0.16309447586536407,-0.20356068015098572,0.07193974405527115,0.962698221206665,1
84387,61.95912170410156,236.1696319580078,-43.45001220703125,25.799861907958984,196.77130126953125,80.85304260253906,112.6117562535801,259.51705953176133,-293.636104397272,65.33418273925781,151.75775146484375,98.23590850830078,0.715185284614563,1.720258355140686,0.0,-0.8653373718261719,163.6765594482422,119.94953918457031,0.16271688044071198,-0.20604388415813446,0.07320765405893326,0.9621381163597107,1
84389,62.65237808227539,238.8772735595703,-43.72541046142578,26.227527618408203,199.24473571777344,81.91353607177734,82.78896102495492,323.3476706147194,-32.8881724961102,47.1989860534668,148.0266876220703,57.64875793457031,0.7169413566589355,1.724858283996582,0.0,-0.13091659545898438,165.84353637695312,120.96495056152344,0.1562674641609192,-0.2082965224981308,0.07744874805212021,0.962390124797821,1
84391,63.40424346923828,242.553466796875,-43.93754959106445,26.601974487304688,202.13626098632812,82.723876953125,89.80714028037619,439.1057328679599,-25.339121742756106,66.54798126220703,172.73379516601562,36.69403076171875,0.7159351110458374,1.7279441356658936,0.0,0.7309055328369141,168.46392822265625,121.82185363769531,0.15789000689983368,-0.2151774764060974,0.08297538757324219,0.9601481556892395,1
84392,64.03465270996094,244.2847137451172,-43.96429443359375,26.92387580871582,203.3534698486328,83.08114624023438,75.27773728093598,206.7297630168032,-3.1936258219066076,70.5461196899414,145.2686767578125,43.18476104736328,0.718853771686554,1.7307904958724976,0.0,1.1453723907470703,169.54489135742188,122.14653015136719,0.1591271013021469,-0.21895697712898254,0.0835542380809784,0.9590386152267456,1
84394,65.1214599609375,247.33970642089844,-43.73241424560547,27.417362213134766,205.47816467285156,83.8288345336914,129.78696767240763,364.82847836613655,27.6912271566689,54.63099670410156,119.0778579711914,46.23877716064453,0.7245199084281921,1.7364637851715088,0.0,1.7483196258544922,171.42637634277344,122.76508331298828,0.15894918143749237,-0.2253301739692688,0.08403783291578293,0.9575484991073608,1
84396,66.034423828125,249.5581817626953,-43.43564987182617,27.754196166992188,206.96641540527344,84.2464599609375,108.9961505010724,264.8574395198375,35.42985161882825,50.62028121948242,81.34886932373047,21.435808181762695,0.7281283736228943,1.7389698028564453,0.0,2.129840850830078,172.831298828125,123.11868286132812,0.1600312441587448,-0.2312631458044052,0.08500220626592636,0.9558671116828918,1
84398,67.01803588867188,251.01084899902344,-42.6790885925293,28.135696411132812,208.03335571289062,84.20311737060547,117.49453633953817,173.52416692930274,90.37284137611277,56.454833984375,55.227508544921875,-11.043320655822754,0.7318040132522583,1.7409058809280396,0.0,2.5392913818359375,173.83717346191406,123.02568817138672,0.1582237184047699,-0.23515237867832184,0.0845453068614006,0.9552595019340515,1
84400,67.64861297607422,251.64996337890625,-41.450130462646484,28.560184478759766,208.37411499023438,83.70752716064453,75.2778050591005,76.29698043339886,146.71207117312588,63.610137939453125,10.276041984558105,-33.37909698486328,0.7327360510826111,1.7439063787460327,0.0,2.985628128051758,174.1079559326172,122.42921447753906,0.15619124472141266,-0.23513910174369812,0.08559909462928772,0.9555033445358276,1
84402,68.11729431152344,250.5263671875,-40.25624084472656,29.05970001220703,207.2802734375,82.87203216552734,55.98646208719583,-134.21950227906927,142.61642351493356,55.06084442138672,-101.10027313232422,-63.951873779296875,0.7364872097969055,1.7500600814819336,0.0,3.2930355072021484,172.94100952148438,121.3342514038086,0.15266261994838715,-0.2332768589258194,0.08498171716928482,0.956584632396698,1
84404,67.93122863769531,247.04898071289062,-37.893150329589844,29.000520706176758,204.63430786132812,81.76899719238281,-22.216796790249646,-415.21032374259084,282.1600604325067,24.340007781982422,-168.532958984375,-67.62018585205078,0.7383686304092407,1.7562260627746582,0.0,3.061603546142578,170.50323486328125,120.24893188476562,0.13934865593910217,-0.2272356152534485,0.08252780139446259,0.9602786302566528,1
84405,67.75230407714844,245.0760955810547,-37.19535827636719,28.952268600463867,202.95579528808594,81.13325500488281,-21.350530293770134,-235.41845593834296,83.2654294387903,26.452125549316406,-199.5880889892578,-75.07059478759766,0.7375463247299194,1.754291296005249,0.0,2.894815444946289,169.0030517578125,119.66785430908203,0.13895973563194275,-0.2253885567188263,0.08061601221561432,0.9609324932098389,1
84407,67.49739074707031,240.0035858154297,-35.56058883666992,29.017833709716797,199.0058135986328,79.61724853515625,-30.43498916691169,-605.6245851032436,195.180809776939,41.53465270996094,-247.4088897705078,-88.5938720703125,0.7343339920043945,1.7525941133499146,0.0,2.7162399291992188,165.55331420898438,118.40219116210938,0.1321670114994049,-0.22066114842891693,0.07575753331184387,0.9633801579475403,1
84409,67.69142150878906,233.9213104248047,-33.40118408203125,29.225587844848633,194.4772491455078,78.31078338623047,23.135623635258526,-725.231571720913,257.4806965501921,41.279232025146484,-276.558349609375,-74.90615844726562,0.7306487560272217,1.754969596862793,0.0,2.626882553100586,161.54837036132812,117.31513214111328,0.1153784692287445,-0.21616607904434204,0.06805065274238586,0.9671241641044617,1
84411,68.66096496582031,228.57667541503906,-32.33894348144531,29.764230728149414,190.3747100830078,77.25511169433594,115.6359802535735,-637.4465259599965,126.69182822399307,67.55265808105469,-250.65695190429688,-55.72765350341797,0.728403627872467,1.7488930225372314,0.0,2.7007694244384766,158.22581481933594,116.55908966064453,0.10631933063268661,-0.21748067438602448,0.05921085551381111,0.9684484601020813,1
84413,69.5558090209961,223.70448303222656,-32.383399963378906,30.53856658935547,186.62838745117188,76.42806243896484,106.67156670684926,-580.7988461963832,-5.299518447602168,78.94227600097656,-212.7093505859375,-46.250823974609375,0.7256811857223511,1.7367366552352905,0.0,2.861177444458008,155.24501037597656,115.95327758789062,0.10815062373876572,-0.21741239726543427,0.049698080867528915,0.9687958359718323,1
84415,70.51002502441406,220.42581176757812,-32.213600158691406,31.26095962524414,183.96209716796875,75.64570617675781,113.80639108782634,-391.03697994630784,20.251497469842434,77.85078430175781,-145.89566040039062,-48.35552978515625,0.7229810953140259,1.7298073768615723,0.0,3.240447998046875,153.23875427246094,115.49771118164062,0.11165129393339157,-0.21705065667629242,0.042867451906204224,0.9688061475753784,1
84416,71.11091613769531,219.29248046875,-32.09993362426758,31.747880935668945,183.02980041503906,75.23657989501953,71.55169428791851,-134.95252771815285,13.534953242109623,89.95072937011719,-110.32012176513672,-47.905670166015625,0.7212602496147156,1.730238676071167,0.0,3.564840316772461,152.43788146972656,115.11874389648438,0.11421710252761841,-0.2164890617132187,0.03953726217150688,0.9687743782997131,1
84418,72.03842163085938,217.8614044189453,-31.983495712280273,32.3926887512207,181.92874145507812,74.80679321289062,110.69699372397736,-170.7977124354802,13.896766011079308,68.5639877319336,-50.986717224121094,-21.653181076049805,0.7225562930107117,1.7306658029556274,0.0,4.022188186645508,151.6318817138672,114.82087707519531,0.11521691083908081,-0.21782106161117554,0.035985253751277924,0.968495786190033,1
84420,73.26429748535156,218.19012451171875,-33.18894958496094,33.105953216552734,182.37939453125,74.75827026367188,146.36740907269996,39.24859773775097,-143.92906056054926,79.68850708007812,49.854679107666016,0.5764859318733215,0.7235485315322876,1.7297731637954712,0.0,4.635112762451172,152.1498565673828,114.78987121582031,0.12002389878034592,-0.22552981972694397,0.03255158290266991,0.9662665128707886,1
84422,74.40260314941406,219.62351989746094,-34.68017578125,34.1606330871582,184.31976318359375,74.86871337890625,135.95677355770022,171.2016535018338,-178.1088407911593,100.58567810058594,134.70655822753906,7.901468753814697,0.7216903567314148,1.7257081270217896,0.0,5.630800247192383,154.08404541015625,114.88957214355469,0.12318113446235657,-0.22802944481372833,0.029661940410733223,0.9653751254081726,1
84424,75.39242553710938,221.63674926757812,-36.0211181640625,35.18130874633789,187.129638671875,75.1883544921875,118.21597575838678,240.4430101525504,-160.150764612481,93.89849090576172,178.99476623535156,19.835735321044922,0.7202441692352295,1.7261102199554443,0.0,6.682073593139648,156.8518829345703,115.2099609375,0.1175127774477005,-0.23015865683555603,0.028378065675497055,0.9656150341033936,1
84426,76.70370483398438,224.76699829101562,-35.765098571777344,36.050567626953125,190.26795959472656,75.18021392822266,156.43783506192267,373.44399594981223,30.54356981458841,81.87991333007812,190.17276000976562,-7.323896884918213,0.7229761481285095,1.725247859954834,0.0,7.846899032592773,159.9525909423828,115.3543701171875,0.11736617237329483,-0.2314782440662384,0.03200363367795944,0.9652040004730225,1
84427,77.66357421875,227.02621459960938,-35.52934265136719,36.595706939697266,192.19725036621094,75.18607330322266,114.61887089023367,269.7750615840778,28.15182756318245,97.71867370605469,232.14793395996094,1.3268988132476807,0.7226342558860779,1.7288893461227417,0.0,8.578968048095703,161.75181579589844,115.40111541748047,0.12018963694572449,-0.23758740723133087,0.0331171452999115,0.9633327126502991,1
84429,79.74443054199219,231.28829956054688,-35.010589599609375,37.79364013671875,196.1011962890625,75.64418029785156,248.3155106564518,508.60878366045654,61.904528204584494,105.39068603515625,240.52598571777344,32.29987716674805,0.723374605178833,1.7403923273086548,0.0,10.128278732299805,165.26589965820312,115.855224609375,0.11460771411657333,-0.2442190796136856,0.03478122502565384,0.9622953534126282,1
84431,82.26545715332031,236.34730529785156,-33.94611358642578,39.108463287353516,200.13331604003906,75.89962768554688,301.0540498683695,604.1325223142048,127.11679175327299,111.79644775390625,239.2998504638672,18.835874557495117,0.7211484313011169,1.7459752559661865,0.0,11.872869491577148,169.05807495117188,116.15284729003906,0.11558284610509872,-0.2549668848514557,0.03796829283237457,0.9592658281326294,1
84433,84.68650817871094,240.94076538085938,-33.445133209228516,40.53997039794922,203.69143676757812,76.26654052734375,288.9542094168719,548.2328182485653,59.79237418304547,133.78067016601562,209.07310485839844,22.110078811645508,0.7180730104446411,1.7486079931259155,0.0,13.493019104003906,172.41725158691406,116.51559448242188,0.11715313792228699,-0.26595258712768555,0.04256749525666237,0.9558934569358826,1
84435,86.91160583496094,244.6230010986328,-33.067893981933594,42.22468185424805,206.82022094726562,76.73883056640625,265.9055529534817,440.0377313280478,45.0811698299367,132.12574768066406,176.02796936035156,22.600736618041992,0.7187475562095642,1.750836730003357,0.0,15.16839599609375,175.3319854736328,116.80423736572266,0.1172313541173935,-0.2665678560733795,0.043629277497529984,0.9556646347045898,1
84437,88.68560791015625,247.2704620361328,-33.03813552856445,43.761322021484375,209.15023803710938,77.16765594482422,211.7312594744144,315.98059920221567,3.551740384049481,121.08753967285156,117.99459838867188,31.43276023864746,0.7239657044410706,1.7552790641784668,0.0,16.645092010498047,177.40443420410156,116.9643325805664,0.11739613115787506,-0.2658584415912628,0.04245424643158913,0.9558948874473572,1
84438,89.45037841796875,248.11520385742188,-33.076236724853516,44.44274139404297,209.98854064941406,77.45767974853516,91.34011867456138,100.89146667881869,-4.55060407682322,113.93190002441406,100.81219482421875,35.40990447998047,0.7264883518218994,1.7577173709869385,0.0,17.30211067199707,178.15402221679688,117.15303039550781,0.11590531468391418,-0.2649672031402588,0.0418572761118412,0.9563505053520203,1
84440,91.10137939453125,249.12152099609375,-32.6715087890625,45.78468704223633,211.18624877929688,77.73690032958984,197.14229160454124,120.1620529696811,48.32764720972045,111.55107116699219,61.10150909423828,11.04211711883545,0.7299696207046509,1.763960838317871,0.0,18.614879608154297,179.21641540527344,117.2856216430664,0.1102873906493187,-0.2633795440196991,0.04016735777258873,0.9575251936912537,1
84442,92.49708557128906,248.89210510253906,-32.34649658203125,47.172584533691406,211.3424530029297,77.775634765625,166.7621093118796,-27.4111263215309,38.83318860316649,117.46147155761719,-11.008869171142578,-1.0959899425506592,0.7322873473167419,1.774674892425537,0.0,19.95215606689453,179.2054901123047,117.14466094970703,0.10677991062402725,-0.260066956281662,0.03614697977900505,0.958987295627594,1
84444,93.76498413085938,247.1292724609375,-31.90487289428711,48.41242980957031,210.07518005371094,77.66613006591797,151.44310801802203,-210.56010525813326,52.74938073044177,103.66445922851562,-99.474365234375,-4.0012006759643555,0.7347136735916138,1.7842093706130981,0.0,21.128469467163086,177.8842010498047,116.90074157714844,0.10115382820367813,-0.2571353614330292,0.033140573650598526,0.9604951739311218,1
84446,94.61054229736328,244.17694091796875,-31.681968688964844,49.28793716430664,207.13905334472656,77.5661392211914,100.98896660597529,-352.6107645975426,26.62249179225182,81.13255310058594,-202.3409881591797,-3.8866231441497803,0.7338849902153015,1.7863860130310059,0.0,21.889728546142578,174.97442626953125,116.708984375,0.10132940113544464,-0.25533825159072876,0.03304149955511093,0.9609594345092773,1
84448,94.71041870117188,239.0146484375,-31.214344024658203,49.799644470214844,202.4192657470703,77.30089569091797,11.926490155397914,-616.4422035617754,55.840225945285056,51.209835052490234,-310.66302490234375,-17.02097511291504,0.7296705842018127,1.7869653701782227,0.0,22.205244064331055,170.6397705078125,116.5501708984375,0.09898441284894943,-0.24948395788669586,0.03419904410839081,0.9626994729042053,1
84449,94.33988952636719,232.3738250732422,-30.58051872253418,49.871055603027344,199.4208221435547,76.99775695800781,-22.285727257374674,-381.5288098442834,46.82679633598309,40.74104309082031,-358.4909973144531,-35.64696502685547,0.7258788347244263,1.7881255149841309,0.0,22.210044860839844,167.9496307373047,116.47140502929688,0.10050835460424423,-0.24658119678497314,0.034020815044641495,0.963295578956604,1
84451,94.41927337646484,228.69773864746094,-29.826881408691406,50.07079315185547,192.8280792236328,76.44273376464844,-12.465500940743368,-850.0697386870161,118.80574274386163,46.858245849609375,-423.1011657714844,-44.67622756958008,0.7177433371543884,1.783293604850769,0.0,22.21363067626953,162.22218322753906,116.46356201171875,0.09752005338668823,-0.24555088579654694,0.03794480487704277,0.9637192487716675,1
84453,93.62415313720703,219.84365844726562,-28.861831665039062,50.328372955322266,185.65586853027344,76.39041900634766,-94.85164115938824,-1056.2226899535162,115.12290527444566,50.76337814331055,-435.788818359375,7.840859889984131,0.7059891819953918,1.779781699180603,0.0,22.13842010498047,155.80882263183594,116.7967529296875,0.07780217379331589,-0.23210309445858002,0.03804919123649597,0.9688277840614319,1
84455,92.9465103149414,210.19000244140625,-28.356176376342773,50.13001251220703,177.2176055908203,76.11671447753906,-80.77647511730902,-1150.7364625234623,60.27519292353827,15.520072937011719,-507.4627685546875,-18.116735458374023,0.6932882070541382,1.765372395515442,0.0,21.62224769592285,148.62643432617188,117.19791412353516,0.06836340576410294,-0.22895030677318573,0.037918269634246826,0.9702939987182617,1
84457,92.54442596435547,198.4964599609375,-28.289262771606445,49.70144271850586,168.50709533691406,76.1161117553711,-47.94963862374425,-1394.4863443523645,7.9796270644292235,14.245891571044922,-513.048583984375,4.578036785125732,0.6841963529586792,1.7545976638793945,0.0,20.788795471191406,141.52212524414062,117.99807739257812,0.03865713253617287,-0.2297256588935852,0.03206777945160866,0.9719585180282593,1
84459,92.44178009033203,186.07476806640625,-27.419204711914062,49.25384521484375,159.37826538085938,76.04423522949219,-12.234149748343043,-1480.5158045687713,103.70042335650942,18.209930419921875,-519.6805419921875,7.0523176193237305,0.6636555790901184,1.7481677532196045,0.0,20.033761978149414,134.31993103027344,118.92494201660156,0.003161979839205742,-0.23362550139427185,0.03267700970172882,0.9717722535133362,1
84460,92.52481842041016,179.90185546875,-27.213993072509766,49.140769958496094,155.18670654296875,76.33483123779297,9.896773654036224,-735.7074583228678,24.45777925022412,18.581958770751953,-504.4441833496094,35.61257553100586,0.6515966057777405,1.753326177597046,0.0,19.755908966064453,130.93106079101562,119.59829711914062,-0.021392835304141045,-0.23228925466537476,0.03130676597356796,0.971907377243042,1
84462,92.95356750488281,167.58656311035156,-26.954500198364258,48.58509826660156,146.40219116210938,76.58953857421875,51.14506652118871,-1469.079397972091,30.95465574292757,-4.857265472412109,-530.1187744140625,21.497394561767578,0.6383667588233948,1.7535721063613892,0.0,19.20745849609375,124.40695190429688,121.1617660522461,-0.05791468173265457,-0.2355230748653412,0.027283716946840286,0.9697579145431519,1
84464,92.76188659667969,157.11578369140625,-27.033716201782227,47.759212493896484,138.56988525390625,77.5777816772461,-22.890309958020225,-1250.4082365246722,-9.459882514493074,-18.687862396240234,-446.1319580078125,67.53102111816406,0.6227027177810669,1.7569681406021118,0.0,18.75225830078125,117.8319320678711,123.29985046386719,-0.09255151450634003,-0.24499493837356567,0.028194643557071686,0.964684784412384,1
84466,92.76522827148438,149.70228576660156,-27.03817367553711,46.97911834716797,131.20944213867188,78.56185913085938,0.398857768625021,-884.8650490604341,-0.5320380167104304,-3.2666015625,-430.31927490234375,41.75675582885742,0.6091791391372681,1.7338204383850098,0.0,18.376100540161133,111.3193588256836,125.0977554321289,-0.09131591767072678,-0.2595333158969879,0.040953513234853745,0.9605345726013184,1
84468,93.27082824707031,144.22705078125,-27.65005111694336,46.78001403808594,125.63677215576172,79.46656036376953,60.4150310670957,-654.2454662034288,-73.1143125332892,24.718286514282227,-308.1270446777344,42.19985580444336,0.6045236587524414,1.732617974281311,0.0,18.43901824951172,106.29949188232422,126.60916900634766,-0.09046737104654312,-0.27133694291114807,0.047124966979026794,0.9570637941360474,1
84469,93.85263061523438,140.1195831298828,-28.636398315429688,46.76995086669922,123.35274505615234,79.78114318847656,31.433380687143654,-264.94057606114075,-62.46944978117244,30.99225616455078,-273.17913818359375,38.28166580200195,0.6021656394004822,1.7365400791168213,0.0,18.410526275634766,104.25479888916016,127.0596923828125,-0.08882326632738113,-0.27600786089897156,0.04738244414329529,0.9558687210083008,1
84471,94.34260559082031,138.38095092773438,-29.17888069152832,46.795188903808594,119.97754669189453,80.15923309326172,96.4937074163463,-432.8621425286401,-120.01385509443935,33.460487365722656,-177.61480712890625,25.247516632080078,0.5947751402854919,1.7447335720062256,0.0,18.372634887695312,101.31636047363281,127.67890930175781,-0.08960963040590286,-0.2858976423740387,0.04514232277870178,0.9529925584793091,1
84473,95.17888641357422,136.05752563476562,-29.716819763183594,47.04811096191406,118.12158966064453,80.3067626953125,99.89683617925039,-277.5417414237745,-64.25881098002719,46.83319091796875,-93.50569915771484,-1.3564164638519287,0.5803396701812744,1.7472878694534302,0.0,18.477569580078125,99.95909881591797,128.02566528320312,-0.0926303118467331,-0.29095298051834106,0.043974120169878006,0.9512267112731934,1
84475,95.67244720458984,135.6304931640625,-29.830904006958008,47.43144226074219,117.7326431274414,80.16090393066406,58.922468264820054,-50.9801581914071,-13.61965001207136,62.21704864501953,4.182522773742676,-7.08311653137207,0.5560724139213562,1.7481558322906494,0.0,18.574783325195312,99.8772201538086,127.91500091552734,-0.09426241368055344,-0.29142123460769653,0.04527701064944267,0.9508618116378784,1
84477,95.80732727050781,137.05467224121094,-29.520570755004883,47.76369094848633,118.80892944335938,79.79027557373047,16.102305021544453,170.0219061243115,37.04832620942034,50.078094482421875,86.38788604736328,-23.21221160888672,0.5275458693504333,1.743546962738037,0.0,18.631526947021484,100.96536254882812,127.41337585449219,-0.09464617073535919,-0.289212703704834,0.04824795201420784,0.9513518214225769,1
84479,95.1901626586914,140.6029815673828,-29.11612892150879,48.16204071044922,121.59916687011719,79.31504821777344,-73.70694330445258,423.7686823310796,48.301815626968164,59.40311050415039,188.84255981445312,-31.342382431030273,0.4954720735549927,1.7302592992782593,0.0,18.706275939941406,103.48764038085938,126.5416488647461,-0.08759869635105133,-0.2751568555831909,0.05248696729540825,0.9559603929519653,1
84481,93.5607681274414,145.63487243652344,-28.41489601135254,48.52892303466797,125.4651107788086,78.56604766845703,-194.598465051502,600.9583441342693,83.74819317413494,47.66828536987305,248.4083251953125,-49.52049255371094,0.43117523193359375,1.71555757522583,0.0,18.825340270996094,106.94727325439453,125.41397094726562,-0.07567423582077026,-0.2554934620857239,0.06402537971735,0.9617157578468323,1
84482,93.1468276977539,149.06375122070312,-27.845800399780273,48.517215728759766,128.080810546875,78.15198516845703,-49.40867841336876,409.27717375627253,67.92828156423639,30.79899024963379,312.6201477050781,-48.82377624511719,0.4024183750152588,1.7125458717346191,0.0,18.773305892944336,109.33445739746094,124.91816711425781,-0.06781607121229172,-0.2564619481563568,0.06900155544281006,0.9617000818252563,1
84484,92.114501953125,156.6356658935547,-26.57770347595215,48.385643005371094,133.27183532714844,76.76400756835938,-123.29549199657049,904.3491841626819,151.45474665937945,24.472736358642578,325.7505187988281,-89.77960968017578,0.39916372299194336,1.6976162195205688,0.0,18.706104278564453,113.96104431152344,123.31710815429688,-0.03685496002435684,-0.25550198554992676,0.07438654452562332,0.9632378220558167,1
84486,90.90633392333984,164.6734619140625,-25.813003540039062,48.016204833984375,138.9871368408203,75.41175079345703,-144.33163233764935,960.2209224516992,91.35350984122488,1.1762828826904297,347.9455871582031,-89.75650024414062,0.44160938262939453,1.6774736642837524,0.0,18.332782745361328,118.81814575195312,121.42180633544922,-0.006741522811353207,-0.24986349046230316,0.06956510245800018,0.9657554030418396,1
84488,88.97772216796875,173.25308227539062,-26.997114181518555,47.43910598754883,145.3665771484375,74.1884536743164,-230.23924047208857,1024.2420591027476,-141.36009177062078,-13.630962371826172,382.8921203613281,-80.6648178100586,0.4750727415084839,1.6624536514282227,0.0,17.764808654785156,124.00480651855469,119.47943878173828,0.022538164630532265,-0.23943769931793213,0.06258921325206757,0.9686300754547119,1
84490,86.90023803710938,180.97767639160156,-26.74814224243164,46.46485137939453,151.27276611328125,72.57843017578125,-248.097303789109,922.4864559154958,29.732726180227473,-33.55057144165039,345.924072265625,-100.24853515625,0.5117231607437134,1.6590632200241089,0.0,17.002628326416016,128.82577514648438,117.34451293945312,0.04761340841650963,-0.2280082106590271,0.061660923063755035,0.970537543296814,1
84492,84.65678405761719,187.7513885498047,-28.818143844604492,45.239749908447266,156.81631469726562,70.60032653808594,-267.7578721839236,808.4474969606381,-247.05620417521277,-33.17209243774414,336.1031799316406,-118.45870971679688,0.5486805438995361,1.6549874544143677,0.0,16.17786407470703,132.99166870117188,114.86747741699219,0.08343874663114548,-0.22031763195991516,0.06041981279850006,0.9699729681015015,1
84493,83.61024475097656,190.52671813964844,-30.698978424072266,44.64759826660156,159.72572326660156,69.68094635009766,-124.91351104527712,331.2595725506544,-224.493862319272,-38.77018356323242,348.9415588378906,-109.56285858154297,0.5558820366859436,1.6588729619979858,0.0,15.780059814453125,135.13455200195312,113.66100311279297,0.09462599456310272,-0.21787986159324646,0.05656708776950836,0.9697290658950806,1
84495,81.68746948242188,193.63612365722656,-34.17729568481445,43.1455192565918,165.4536895751953,68.15937042236328,-229.31738541438244,370.83935660356656,-414.83715383685194,-54.9501838684082,344.37603759765625,-91.49112701416016,0.5547571778297424,1.6957377195358276,0.0,14.73393440246582,139.41748046875,111.6291732788086,0.07724995166063309,-0.2087356597185135,0.03766636550426483,0.9741884469985962,1
84497,78.86002349853516,197.23252868652344,-35.747047424316406,41.42710494995117,170.4332275390625,66.05174255371094,-337.66373291797936,429.495578058064,-187.46537869703025,-79.08755493164062,302.4609375,-122.67019653320312,0.5574124455451965,1.7419065237045288,0.0,13.61884880065918,143.37252807617188,109.20941925048828,0.07746346294879913,-0.1575496643781662,0.03415662795305252,0.9838753938674927,1
84499,74.732666015625,203.29248046875,-32.856231689453125,39.32709503173828,175.3387908935547,64.13052368164062,-492.9234407895128,723.7299642403377,345.2453160690493,-93.97016906738281,285.5307922363281,-119.03813171386719,0.5631546378135681,1.752736210823059,0.0,12.360517501831055,147.19247436523438,107.01417541503906,0.09412772208452225,-0.11610426008701324,0.05378188192844391,0.9873030185699463,1
84501,70.83349609375,211.57772827148438,-29.043432235717773,37.01325607299805,179.963134765625,62.07352828979492,-465.02961963042617,988.12970746262,454.7287538689852,-109.99632263183594,279.9623107910156,-128.2943115234375,0.5778478980064392,1.7262367010116577,0.0,11.108137130737305,151.13034057617188,104.99542236328125,0.14917480945587158,-0.11648443341255188,0.07896846532821655,0.9787452220916748,1
84503,66.62397766113281,219.12286376953125,-24.383604049682617,34.56138610839844,183.94615173339844,60.11725997924805,-501.7703128833091,899.372472220799,555.4467771829222,-115.33465576171875,218.6646270751953,-123.5510025024414,0.6096291542053223,1.7102835178375244,0.0,9.818059921264648,154.55540466308594,103.25658416748047,0.18181470036506653,-0.11311674118041992,0.09475058317184448,0.9721987247467041,1
84504,62.6319580078125,226.0183868408203,-19.177949905395508,33.41505813598633,185.9322509765625,59.39476776123047,-237.6163804549724,394.1763915363699,286.77865666197613,-104.92390441894531,237.83145141601562,-85.80003356933594,0.6261340975761414,1.7054448127746582,0.0,9.129182815551758,156.24871826171875,102.57792663574219,0.18210221827030182,-0.11421838402748108,0.09833013266324997,0.9716604948043823,1
84506,60.76618957519531,229.2416534423828,-16.429237365722656,31.325191497802734,189.41624450683594,57.37245559692383,-460.55322979122866,811.8535941378213,661.2887272907974,-74.73429870605469,213.556396484375,-117.63113403320312,0.6503680348396301,1.6933659315109253,0.0,7.86369514465332,159.47097778320312,100.77820587158203,0.19871672987937927,-0.10930439084768295,0.11095623672008514,0.9676016569137573,1
84508,57.82146453857422,235.49095153808594,-12.06688117980957,29.48419189453125,192.92608642578125,55.430606842041016,-350.82236223947257,744.5155296362936,519.7130744091701,-74.96839904785156,215.10845947265625,-103.6885757446289,0.6679697036743164,1.6886351108551025,0.0,6.696880340576172,162.6533660888672,98.9087905883789,0.21123923361301422,-0.11007534712553024,0.11882530152797699,0.9639201164245605,1
84510,55.54158401489258,239.40357971191406,-9.608391761779785,27.670656204223633,196.3894500732422,53.866798400878906,-272.109024831414,466.98124127532355,293.4264103533569,-79.91307067871094,201.61154174804688,-84.70634460449219,0.6778520345687866,1.7004209756851196,0.0,5.590908050537109,165.6900177001953,97.41502380371094,0.20516552031040192,-0.11193111538887024,0.12454523891210556,0.9642961025238037,1
84512,53.882843017578125,242.30136108398438,-7.814334869384766,26.38027572631836,199.92294311523438,52.555240631103516,-198.1716745972226,346.2012381978566,214.33801857205253,-27.542919158935547,224.72691345214844,-66.8722152709961,0.6855812668800354,1.716866374015808,0.0,4.887346267700195,168.73519897460938,96.12529754638672,0.18799130618572235,-0.11126043647527695,0.12986798584461212,0.967168390750885,1
84514,52.97203063964844,245.67633056640625,-6.135574817657471,25.59279441833496,203.0522918701172,51.27311706542969,-108.93582045729272,403.6562068047933,200.7846050594162,-11.944072723388672,179.69554138183594,-75.22648620605469,0.6925395727157593,1.7236350774765015,0.0,4.4306182861328125,171.57736206054688,94.79024505615234,0.18516679108142853,-0.11412253230810165,0.13316205143928528,0.9669318199157715,1
84516,52.3216552734375,250.8550262451172,-3.868605375289917,25.0567626953125,206.2339324951172,50.34455490112305,-77.69902591104619,618.6882693141233,270.83024141621354,-5.812469482421875,194.0326385498047,-38.41190719604492,0.6963180899620056,1.7277443408966064,0.0,4.243183135986328,174.31529235839844,93.71757507324219,0.19009266793727875,-0.1247779130935669,0.1374462991952896,0.9640558958053589,1
84517,52.392940521240234,252.4410858154297,-2.9757988452911377,25.01643943786621,207.65652465820312,50.090065002441406,8.515173282619799,189.45816272031516,106.6476240895172,27.341745376586914,171.55096435546875,-30.02046775817871,0.6965236067771912,1.7302968502044678,0.0,4.2773895263671875,175.63209533691406,93.41262817382812,0.18607716262340546,-0.1280757486820221,0.13939456641674042,0.9641270637512207,1
84519,52.644561767578125,254.3935546875,-0.7623735666275024,25.003684997558594,209.82699584960938,49.444725036621094,30.067464244784787,233.3101391652599,264.49310776941275,29.19678497314453,136.91220092773438,-32.681854248046875,0.7011353969573975,1.7401423454284668,0.0,4.500551223754883,177.67709350585938,92.743408203125,0.17268310487270355,-0.1354830116033554,0.1408129334449768,0.9653996825218201,1
84521,53.95090103149414,256.6718444824219,0.7555260062217712,25.553049087524414,212.69143676757812,49.260196685791016,155.9414988545468,271.9660468446091,181.19606524818482,78.74296569824219,151.75970458984375,-8.158913612365723,0.7009758949279785,1.7562395334243774,0.0,5.176462173461914,180.17347717285156,92.30302429199219,0.15112537145614624,-0.14951451122760773,0.1379939466714859,0.9673490524291992,1
84523,56.17296600341797,258.95428466796875,1.7324063777923584,26.57583236694336,214.93540954589844,49.066062927246094,265.11015859257895,272.31340541969985,116.54965696562613,95.65007019042969,129.01515197753906,-6.634119987487793,0.7012459635734558,1.7629929780960083,0.0,6.196079254150391,182.10147094726562,91.79641723632812,0.14053629338741302,-0.1644059717655182,0.1357382833957672,0.9668481349945068,1
84525,59.4940185546875,261.83447265625,1.902536153793335,27.95260238647461,217.11572265625,48.9798583984375,396.66989473515423,344.0125829060562,20.320473493207828,124.26669311523438,125.66761779785156,-2.780243158340454,0.6980234384536743,1.7662149667739868,0.0,7.446329116821289,183.96473693847656,91.34765625,0.13769197463989258,-0.18324460089206696,0.13295261561870575,0.9642540812492371,1
84527,62.275413513183594,263.99188232421875,1.7358853816986084,29.79302978515625,219.0340576171875,48.97905731201172,332.168547034089,257.64900183537975,-19.90229566632479,146.83392333984375,100.94660186767578,-4.19901180267334,0.6877235770225525,1.7783056497573853,0.0,9.054372787475586,185.665283203125,91.03851318359375,0.13577359914779663,-0.19098104536533356,0.1332704871892929,0.9629801511764526,1
84528,63.81840515136719,265.0572814941406,1.5667097568511963,30.774139404296875,219.82777404785156,49.01679992675781,184.2744769079727,127.2371605115477,-20.204095085722656,149.5545196533203,95.20006561279297,5.136280059814453,0.6843640804290771,1.7816709280014038,0.0,9.90963363647461,186.3975067138672,90.96574401855469,0.13754841685295105,-0.1958630532026291,0.1321699023246765,0.9618987441062927,1
84530,66.60871887207031,267.29058837890625,0.9410622715950012,32.67023849487305,221.43663024902344,49.32149124145508,333.10992217296734,266.6139929187484,-74.6903058158232,143.64657592773438,95.03895568847656,20.426834106445312,0.6791515946388245,1.8016120195388794,0.0,11.573009490966797,187.73797607421875,90.93742370605469,0.1387820690870285,-0.20425434410572052,0.13173910975456238,0.9600335955619812,1
84532,69.5975341796875,269.04266357421875,0.46316832304000854,34.517822265625,222.8623046875,49.751895904541016,356.9918834109558,209.27242384571582,-57.08089768228547,140.15237426757812,80.24156951904297,27.135316848754883,0.6740977168083191,1.837428092956543,0.0,13.211139678955078,188.824951171875,90.99378204345703,0.13500399887561798,-0.21490558981895447,0.13190774619579315,0.9582222104072571,1
84534,72.29141235351562,270.08740234375,0.7754670977592468,36.15486145019531,224.31549072265625,50.366634368896484,321.8919699471444,124.83601666614413,37.316634725022595,129.24459838867188,85.82005310058594,33.048282623291016,0.6686487197875977,2.037134885787964,0.0,14.687339782714844,189.9325714111328,91.26093292236328,0.12156525999307632,-0.2188783884048462,0.1328982710838318,0.9589849710464478,1
84536,74.97805786132812,270.4018859863281,2.644294261932373,37.79267501831055,225.35946655273438,50.79095458984375,320.8190321046859,37.55327509017661,223.16130663219974,128.69216918945312,60.90447235107422,16.941110610961914,0.6752899289131165,2.4022057056427,0.0,16.196596145629883,190.6730194091797,91.3824691772461,0.1099858209490776,-0.21668143570423126,0.13411618769168854,0.9607107043266296,1
84538,78.85002136230469,271.7484130859375,0.6479710936546326,39.3653450012207,225.94154357910156,51.49051284790039,462.42830669588875,160.81562918541022,-238.4207242892694,129.2256317138672,38.3178825378418,44.740501403808594,0.7395185828208923,2.5106899738311768,0.0,17.58498191833496,191.0486602783203,91.78180694580078,0.13046038150787354,-0.23610781133174896,0.1307407021522522,0.9540125727653503,1
84539,80.72244262695312,272.5314025878906,-0.321126788854599,40.30966567993164,226.11917114257812,51.64738464355469,223.59345849393867,93.49996927054599,-115.7239298978352,145.1407928466797,21.503015518188477,19.384166717529297,0.7555755972862244,2.5248653888702393,0.0,18.445159912109375,191.1874237060547,91.84662628173828,0.14188219606876373,-0.2430906742811203,0.12948746979236603,0.9507940411567688,1
84541,84.23301696777344,273.24658203125,-1.7977890968322754,42.11591720581055,226.19412231445312,52.15508270263672,419.1674830415286,85.39342514704913,-176.3155435109411,138.70062255859375,-11.370340347290039,36.54177474975586,0.7636850476264954,2.5387706756591797,0.0,20.0170955657959,191.2210693359375,92.1720199584961,0.14953048527240753,-0.2548018991947174,0.1253870129585266,0.9470980763435364,1
84543,86.98538208007812,273.0018310546875,-3.079841375350952,43.513980865478516,225.94509887695312,52.826900482177734,328.5708718925016,-29.217795780859888,-153.048384853244,113.77571105957031,-14.358797073364258,42.12266540527344,0.7648440599441528,2.544600486755371,0.0,21.221099853515625,191.0124053955078,92.77033996582031,0.1488853394985199,-0.26571619510650635,0.12136910855770111,0.9447209239006042,1
84545,89.43970489501953,272.51422119140625,-4.374935150146484,45.00519561767578,225.4030303955078,53.663326263427734,293.1117976887035,-58.233661328908056,-154.66884070620108,125.96234130859375,-34.973487854003906,46.132781982421875,0.7618881464004517,2.5450656414031982,0.0,22.418424606323242,190.53164672851562,93.49705505371094,0.14931173622608185,-0.2716890573501587,0.11886536329984665,0.9432719945907593,1
84547,91.41575622558594,270.7530822753906,-5.146891117095947,46.35594940185547,224.24185180664062,54.45085906982422,235.69626931421226,-210.06229232414626,-92.07612103511565,107.80972290039062,-81.43791961669922,47.92927551269531,0.7612879872322083,2.549340009689331,0.0,23.501689910888672,189.43930053710938,94.19200134277344,0.1446814090013504,-0.27162712812423706,0.1151440367102623,0.9444722533226013,1
84549,93.2783203125,267.958251953125,-5.156186103820801,47.552913665771484,222.532470703125,54.89333724975586,222.0304511091672,-333.1629991075024,-1.1080263546755305,103.34657287597656,-116.17698669433594,21.528396606445312,0.7635689973831177,2.5537986755371094,0.0,24.47293472290039,187.9055633544922,94.62654876708984,0.13635383546352386,-0.2703467011451721,0.1109449490904808,0.946578860282898,1
84550,94.02851104736328,266.4305725097656,-5.137067794799805,48.1026611328125,221.3492889404297,55.01504898071289,89.44566737517016,-182.14608764997683,2.2794868424753076,97.93255615234375,-141.21755981445312,15.17595100402832,0.7622818350791931,2.5553135871887207,0.0,24.87605094909668,186.8687286376953,94.76233673095703,0.13360324501991272,-0.26958099007606506,0.11007840186357498,0.9472903609275818,1
84552,95.11354064941406,261.089599609375,-4.223243713378906,49.151206970214844,218.33363342285156,55.09691619873047,129.2847721061553,-636.3941250515636,108.88508284780255,88.81744384765625,-194.7290802001953,0.3162364661693573,0.756720244884491,2.56783390045166,0.0,25.572494506835938,184.14520263671875,94.871337890625,0.11038736253976822,-0.2642325460910797,0.10711397230625153,0.9521147012710571,1
84554,95.71595764160156,253.4652557373047,-1.9889721870422363,49.812255859375,214.6280975341797,55.017913818359375,71.79227933753282,-908.6214899773477,266.2664692644212,69.16536712646484,-235.62625122070312,-7.251021385192871,0.7480049133300781,2.5865838527679443,0.0,25.98867416381836,180.93707275390625,95.0306625366211,0.07444189488887787,-0.254544734954834,0.09936702251434326,0.959057629108429,1
84555,96.02388000488281,249.06915283203125,-0.4234016537666321,50.16249465942383,212.4363555908203,54.767494201660156,36.74198932480067,-524.5528914986644,186.80739913747402,73.64080810546875,-259.08856201171875,-29.01006317138672,0.7414579391479492,2.5960190296173096,0.0,26.235090255737305,179.24803161621094,95.14242553710938,0.05669178068637848,-0.24799136817455292,0.09370582550764084,0.9625515937805176,1
84558,96.43161010742188,234.10450744628906,2.748119592666626,50.762237548828125,203.72193908691406,54.44373321533203,48.67063147353474,-1786.325650635059,378.58362881325456,50.757728576660156,-359.9048156738281,-5.221857070922852,0.7147032022476196,2.6199707984924316,0.0,26.242752075195312,172.2257843017578,95.82185363769531,0.009764114394783974,-0.22889816761016846,0.07829903066158295,0.9702471494674683,1
84560,96.56533813476562,223.21080017089844,3.2340855598449707,50.860107421875,197.02601623535156,54.575767517089844,15.977488468866795,-1301.5527547441889,58.06199187321363,28.180706024169922,-417.9902648925781,8.345528602600098,0.7014615535736084,2.6279425621032715,0.0,25.891521453857422,166.85855102539062,96.64457702636719,-0.022274188697338104,-0.22183384001255035,0.0688217431306839,0.9723976254463196,1
84561,96.80368041992188,217.71983337402344,3.0807347297668457,50.67644119262695,193.21548461914062,54.762428283691406,28.474647630937397,-656.0033801458776,-18.32075599813834,10.264291763305664,-454.7845153808594,22.912263870239258,0.6887932419776917,2.6228363513946533,0.0,25.585922241210938,163.6446075439453,97.18364715576172,-0.03916744887828827,-0.22303737699985504,0.06527715176343918,0.9718328714370728,1
84563,96.77049255371094,206.73377990722656,2.3257038593292236,50.25773620605469,185.76690673828125,55.545738220214844,-3.96351900708396,-1312.0286628773902,-90.17088314428656,2.1203556060791016,-456.730224609375,54.07529067993164,0.6703948974609375,2.619464635848999,0.0,24.94390296936035,157.4096221923828,98.66277313232422,-0.0738474428653717,-0.22526223957538605,0.062101613730192184,0.9695085883140564,1
84565,96.66212463378906,197.6151123046875,1.7790226936340332,50.170379638671875,177.707275390625,56.146209716796875,-12.954921332886443,-1090.0977109904634,-65.35339518242654,22.150609970092773,-491.38018798828125,33.301761627197266,0.6588447093963623,2.606623649597168,0.0,24.537002563476562,150.631591796875,99.88285827636719,-0.08054862916469574,-0.22643493115901947,0.06479422003030777,0.9685251116752625,1
84567,96.35249328613281,188.34915161132812,1.0608410835266113,50.06858825683594,169.70645141601562,56.997554779052734,-36.9797373181209,-1106.6476150886156,-85.7735093345982,9.091106414794922,-491.00091552734375,45.35763931274414,0.6487576961517334,2.5968379974365234,0.0,24.09568214416504,143.74632263183594,101.19396209716797,-0.0923265665769577,-0.2231375277042389,0.06736339628696442,0.9680638313293457,1
84569,96.08685302734375,178.86180114746094,-0.04968082904815674,49.948516845703125,162.50181579589844,57.99155807495117,-31.698473579599522,-1132.1120126527967,-132.5169974829396,19.911510467529297,-431.41180419921875,52.03409957885742,0.6351751685142517,2.589937925338745,0.0,23.759231567382812,137.70774841308594,102.72615814208984,-0.11672861874103546,-0.22230857610702515,0.06829807162284851,0.96555095911026,1
84571,95.9753646850586,170.340087890625,-1.6907150745391846,49.744354248046875,155.66978454589844,59.34952926635742,-13.316281003004406,-1017.8420992646134,-196.00679946087348,21.53614044189453,-393.9897766113281,81.40375518798828,0.6189436316490173,2.5830135345458984,0.0,23.398956298828125,131.9142608642578,104.62171936035156,-0.1373206079006195,-0.2249055951833725,0.07047610729932785,0.962077796459198,1
84572,95.99298095703125,165.85763549804688,-2.4112677574157715,49.66181182861328,152.41954040527344,59.99582290649414,2.1027938186889514,-535.0549309360795,-86.00989641534034,22.35646629333496,-387.22796630859375,77.67144775390625,0.6107069253921509,2.5806610584259033,0.0,23.28058624267578,129.1755828857422,105.5611801147461,-0.15273144841194153,-0.22475048899650574,0.07083162665367126,0.9597620368003845,1
84574,96.28884887695312,158.89305114746094,-3.977952718734741,49.61958694458008,146.7882080078125,61.18777084350586,35.324232844868675,-831.5149521204876,-187.04949283720453,37.494598388671875,-309.37054443359375,82.70543670654297,0.599463701248169,2.5861005783081055,0.0,23.274368286132812,124.60205078125,107.3624496459961,-0.17228321731090546,-0.23112711310386658,0.07571040838956833,0.9545505046844482,1
84576,96.65762329101562,153.34718322753906,-5.601898193359375,49.78776931762695,142.24566650390625,62.415794372558594,44.04211503546685,-662.3337834367994,-193.9451075708912,47.90776062011719,-255.07228088378906,76.87037658691406,0.6004811525344849,2.60040545463562,0.0,23.54340362548828,120.70299530029297,109.01897430419922,-0.1860012412071228,-0.23537835478782654,0.07518740743398666,0.9509718418121338,1
84578,97.15995788574219,149.6976776123047,-6.890655040740967,50.273014068603516,138.6676025390625,63.59925842285156,60.01767433632631,-436.03375479835086,-153.97742774805738,67.26092529296875,-194.30215454101562,65.01510620117188,0.5915055871009827,2.6061348915100098,0.0,24.111841201782227,117.33673095703125,110.41302490234375,-0.18832296133041382,-0.236989825963974,0.07758074998855591,0.9499218463897705,1
84580,97.68679809570312,146.92047119140625,-8.185857772827148,50.83757781982422,135.87173461914062,64.71395111083984,62.886268478119746,-331.5011749325786,-154.6018417037776,64.14861297607422,-148.55535888671875,73.96272277832031,0.5803394317626953,2.612368106842041,0.0,24.74941635131836,114.85533142089844,111.76382446289062,-0.19251327216625214,-0.23942334949970245,0.08441338688135147,0.9478868246078491,1
84582,98.38294982910156,145.05926513671875,-9.455246925354004,51.50510787963867,134.0289764404297,65.83157348632812,83.21312439616304,-222.475594795309,-151.73392866623908,72.52296447753906,-97.51594543457031,66.7168197631836,0.57745361328125,2.622328519821167,0.0,25.466997146606445,113.10372161865234,113.02117919921875,-0.19683480262756348,-0.2410966455936432,0.08911287039518356,0.946143388748169,1
84583,98.97453308105469,144.51145935058594,-10.084736824035645,51.818580627441406,133.4232635498047,66.37305450439453,70.62462420784868,-65.39836558385286,-75.15001040048082,69.48423767089844,-71.7878646850586,65.02935028076172,0.5790945291519165,2.627830982208252,0.0,25.86042022705078,112.52710723876953,113.64835357666016,-0.19899679720401764,-0.24488438665866852,0.09220994263887405,0.9444200396537781,1
84585,100.64764404296875,144.53770446777344,-11.351747512817383,52.70314025878906,133.02862548828125,67.49642181396484,199.6552445285488,3.1318755354732275,-151.19459177985846,94.47869873046875,-6.907540798187256,59.431053161621094,0.5854006409645081,2.639540195465088,0.0,26.895980834960938,111.99751281738281,114.85206604003906,-0.19755344092845917,-0.25371208786964417,0.09772960841655731,0.9418342709541321,1
84587,102.34284973144531,145.23524475097656,-12.327102661132812,53.883338928222656,133.2030792236328,68.45223236083984,202.4394814047264,83.29944510594942,-116.4757714964071,111.49172973632812,19.822776794433594,49.736328125,0.5883862972259521,2.645944595336914,0.0,28.115966796875,111.98786163330078,115.78305053710938,-0.19156262278556824,-0.2581838369369507,0.10210313647985458,0.9413924813270569,1
84589,104.42239379882812,146.49826049804688,-13.27004337310791,55.407196044921875,134.0615234375,69.34520721435547,248.32023684983142,150.817852036329,-112.59740276997036,130.27488708496094,71.82767486572266,58.4765625,0.5846225619316101,2.6513705253601074,0.0,29.62177276611328,112.62303924560547,116.61132049560547,-0.18664534389972687,-0.2635180950164795,0.10516507923603058,0.940564751625061,1
84591,107.05526733398438,149.16989135742188,-14.147174835205078,57.238975524902344,135.7179718017578,70.0444107055664,314.1728894021362,318.79768446832895,-104.66546233723057,149.5462188720703,109.21092987060547,41.73891067504883,0.5888267159461975,2.6503896713256836,0.0,31.363189697265625,114.12921142578125,117.220947265625,-0.17078809440135956,-0.2717941403388977,0.10719962418079376,0.9409928917884827,1
84592,108.39524841308594,151.1422119140625,-14.636700630187988,58.158470153808594,136.71688842773438,70.38475036621094,159.72649705968797,235.10171785578132,-58.351749642170034,140.53872680664062,117.96073913574219,40.72236633300781,0.5913724899291992,2.648972749710083,0.0,32.21337127685547,115.040283203125,117.48229217529297,-0.1587599664926529,-0.27672016620635986,0.10890389233827591,0.9414675831794739,1
84594,110.8948974609375,154.94143676757812,-15.425389289855957,59.982627868652344,138.81845092773438,70.95881652832031,298.1925772570539,453.22388421790674,-94.08564945624676,138.2052459716797,140.12940979003906,36.54750442504883,0.6045947670936584,2.6479856967926025,0.0,33.857887268066406,116.92329406738281,117.88607788085938,-0.1342211663722992,-0.28343427181243896,0.10803796350955963,0.9433861970901489,1
84596,113.08815002441406,158.6012420654297,-16.17610740661621,61.67445373535156,141.4320831298828,71.51202392578125,261.44732843956444,436.2681861935416,-89.48957785647508,137.5684356689453,165.5814666748047,32.33502197265625,0.6169679760932922,2.6502318382263184,0.0,35.42550277709961,119.23918914794922,118.25995635986328,-0.12221477180719376,-0.2871103882789612,0.10716430842876434,0.9440057873725891,1
84598,115.52352905273438,162.76625061035156,-16.959228515625,63.358924865722656,144.31675720214844,72.06111145019531,290.3447015793063,496.5502901142463,-93.36331718863221,132.27880859375,169.24391174316406,40.69416809082031,0.6312702298164368,2.6514246463775635,0.0,37.01556396484375,121.73053741455078,118.5888671875,-0.10996884107589722,-0.29375195503234863,0.10931036621332169,0.9432221055030823,1
84600,118.11798095703125,167.0727081298828,-17.681163787841797,65.18574523925781,147.28573608398438,72.55972290039062,309.2478317033965,513.3117511379533,-86.05166940789786,143.11985778808594,180.77297973632812,31.994794845581055,0.6450356841087341,2.651885986328125,0.0,38.78648376464844,124.2923583984375,118.85131072998047,-0.09676623344421387,-0.29983824491500854,0.11278773099184036,0.9423440098762512,1
84602,120.30233764648438,171.4130859375,-18.566614151000977,67.06843566894531,150.4195098876953,73.2905502319336,260.8152418071404,518.2471767975949,-105.72401095967507,140.413818359375,186.42208862304688,56.082000732421875,0.6554422378540039,2.653467893600464,0.0,40.58498001098633,126.81676483154297,119.22419738769531,-0.08747567236423492,-0.301084041595459,0.11570936441421509,0.9425007700920105,1
84603,121.5069580078125,173.60986328125,-19.074342727661133,68.04833984375,152.05819702148438,73.6994857788086,143.72276527131908,262.09661123529077,-60.57688993768534,149.103271484375,195.76063537597656,49.408573150634766,0.6595160961151123,2.653648614883423,0.0,41.55040740966797,128.07606506347656,119.433349609375,-0.08401642739772797,-0.3026939332485199,0.11768460273742676,0.9420551657676697,1
84605,123.730712890625,177.19998168945312,-19.85433006286621,69.88671875,155.08828735351562,74.4525146484375,265.5229700691998,428.67085307557136,-93.13281578861643,144.00341796875,181.6475830078125,39.336856842041016,0.6736059784889221,2.6556079387664795,0.0,43.378509521484375,130.57998657226562,119.90242004394531,-0.08071066439151764,-0.30502012372016907,0.11943219602108002,0.9413737058639526,1
84607,126.98255920410156,181.53892517089844,-20.82522964477539,72.0032958984375,158.1917266845703,75.14227294921875,388.4296084935777,518.2822173326276,-115.97292987821857,167.3969268798828,192.54754638671875,53.14027404785156,0.6844543814659119,2.659038782119751,0.0,45.459449768066406,133.3203582763672,120.34355163574219,-0.06933067739009857,-0.31538355350494385,0.12379910796880722,0.9382964372634888,1
84609,130.6057891845703,185.2674560546875,-22.57473373413086,74.41477966308594,160.90391540527344,76.07511138916016,432.85418738331646,445.4341056284029,-209.00692890153732,176.35406494140625,159.1168975830078,60.39521408081055,0.6957817673683167,2.66024112701416,0.0,47.68718719482422,135.6962890625,120.89993286132812,-0.05836038291454315,-0.324878454208374,0.12429768592119217,0.9357340335845947,1
84611,134.4845733642578,188.9647216796875,-24.889633178710938,77.07023620605469,163.4969482421875,77.37230682373047,463.39047900401056,441.7048254311085,-276.5563415689976,198.304931640625,152.28273010253906,82.03533172607422,0.6994504928588867,2.659231185913086,0.0,49.86326599121094,137.8937225341797,121.61136627197266,-0.04558689147233963,-0.33483994007110596,0.12284114956855774,0.933120608329773,1
84612,136.49290466308594,190.8236541748047,-26.066591262817383,78.3952407836914,164.7633514404297,78.07616424560547,239.21995743806474,221.42449934512842,-140.1919409166294,186.15936279296875,147.4120330810547,82.4075927734375,0.7047058343887329,2.656794548034668,0.0,50.963401794433594,139.0213165283203,122.09062957763672,-0.03836800530552864,-0.33997082710266113,0.12128195911645889,0.9317930936813354,1
84615,141.75978088378906,194.77444458007812,-30.289581298828125,82.21292877197266,168.1732635498047,80.3477783203125,628.9808765985072,471.8112802039832,-504.31790370843373,167.0333251953125,120.40687561035156,81.81096649169922,0.7178423404693604,2.6652414798736572,0.0,54.11620330810547,141.7531280517578,123.43531036376953,-0.03807331249117851,-0.3548538088798523,0.11814316362142563,0.9266452193260193,1
84616,143.56126403808594,196.00621032714844,-31.70298957824707,83.29631042480469,169.30398559570312,81.12211608886719,215.0739323515445,147.05699707847089,-168.7427806070773,162.06732177734375,135.80654907226562,93.4455337524414,0.7232803702354431,2.670305013656616,0.0,55.016090393066406,142.6788330078125,123.94091796875,-0.03960193693637848,-0.3608855605125427,0.11781644821166992,0.9242902994155884,1
84618,146.8079071044922,198.44253540039062,-34.197452545166016,85.58697509765625,171.42893981933594,82.75135040283203,387.51490934193134,290.79645362123847,-297.73571369284764,171.91622924804688,123.10801696777344,101.29143524169922,0.7323303818702698,2.668745279312134,0.0,56.85696029663086,144.56593322753906,125.09828186035156,-0.03587404265999794,-0.36687442660331726,0.1170273944735527,0.9221826195716858,1
84620,149.62075805664062,200.46466064453125,-36.618648529052734,87.76384735107422,173.05323791503906,84.19208526611328,335.8316170872422,241.42537313397042,-289.07118663104484,157.95773315429688,86.84910583496094,83.20484161376953,0.738088071346283,2.665609836578369,0.0,58.60951232910156,146.0094451904297,126.06251525878906,-0.031161094084382057,-0.3724225163459778,0.11554590612649918,0.9203149676322937,1
84622,151.9620819091797,201.75587463378906,-38.357906341552734,89.3580322265625,174.25816345214844,85.24021911621094,279.5647714328952,154.17685314500704,-207.67533388733864,118.73748779296875,69.0080337524414,60.58082962036133,0.7444422245025635,2.662999153137207,0.0,59.779136657714844,147.0469970703125,126.66386413574219,-0.028499724343419075,-0.3758876919746399,0.11032570153474808,0.9196327924728394,1
84624,153.2133026123047,202.44088745117188,-39.55109786987305,90.45802307128906,175.23880004882812,86.13111114501953,149.46492458693683,81.82840072538238,-142.53303302347194,92.22465515136719,49.33275604248047,44.274993896484375,0.7473471164703369,2.661524772644043,0.0,60.429466247558594,147.8876495361328,127.15213775634766,-0.03012482076883316,-0.3750917613506317,0.10659587383270264,0.9203456044197083,1
84626,153.44996643066406,202.85671997070312,-40.23900604248047,90.64240264892578,175.78311157226562,86.66487121582031,28.251994295278564,49.64044800354168,-82.11976762188715,38.34823226928711,32.24041748046875,29.266088485717773,0.7483257055282593,2.6603574752807617,0.0,60.229862213134766,148.34744262695312,127.34795379638672,-0.029863843694329262,-0.3719630837440491,0.10409005731344223,0.9219093918800354,1
84627,153.2145233154297,202.79000854492188,-40.307884216308594,90.50004577636719,175.9091796875,86.77607727050781,-28.114848842378706,-7.966177520342171,-8.224914301652461,15.144519805908203,15.360854148864746,13.942955017089844,0.7491986751556396,2.6611318588256836,0.0,59.97154998779297,148.46641540527344,127.34972381591797,-0.03168732300400734,-0.36961841583251953,0.10269427299499512,0.9229474663734436,1
84629,151.43833923339844,201.98655700683594,-39.61445236206055,89.52886962890625,175.88218688964844,86.70741271972656,-212.1379723502323,-95.95997503609397,82.81980961962836,-39.724788665771484,-21.060964584350586,-17.319101333618164,0.748214602470398,2.6603221893310547,0.0,58.82990264892578,148.48965454101562,127.2123031616211,-0.037048112601041794,-0.3576989769935608,0.09807127714157104,0.9279336929321289,1
84631,148.05494689941406,200.69703674316406,-37.613407135009766,87.77757263183594,175.0447540283203,85.95856475830078,-403.9603486773558,-153.96235609659925,238.9149255672237,-78.08428955078125,-65.89452362060547,-55.7905387878418,0.7434623837471008,2.649801254272461,0.0,56.93223571777344,147.95387268066406,126.56288146972656,-0.037890173494815826,-0.3406890332698822,0.09587228298187256,0.9345072507858276,1
84633,143.74122619628906,199.35015869140625,-34.82005310058594,85.10757446289062,173.9562530517578,84.64220428466797,-514.8593768961728,-160.75514438864775,333.39768997376086,-143.29420471191406,-59.21852493286133,-72.2851791381836,0.7415228486061096,2.642836332321167,0.0,54.263755798339844,147.1378936767578,125.49571228027344,-0.033623918890953064,-0.3209479749202728,0.08693849295377731,0.9424985647201538,1
84635,137.04603576660156,196.93234252929688,-31.476879119873047,80.99539184570312,172.78871154785156,83.42703247070312,-800.0413390621543,-288.91678291372955,399.4923544500489,-220.82315063476562,-62.72496032714844,-64.87165832519531,0.7299696207046509,2.636712074279785,0.0,50.554542541503906,146.1402587890625,124.8271713256836,-0.04940694198012352,-0.2960321009159088,0.08072620630264282,0.9504773616790771,1
84637,128.70376586914062,195.0050506591797,-27.77078628540039,76.024658203125,171.49855041503906,81.94046783447266,-996.3298347538803,-230.17936533805914,442.6242385752266,-282.4930725097656,-74.61604309082031,-92.34304809570312,0.7092317342758179,2.621478319168091,0.0,46.2282829284668,145.0321807861328,124.07999420166016,-0.05745086073875427,-0.2686071991920471,0.08239579200744629,0.9579981565475464,1
84638,124.18218994140625,194.19618225097656,-25.635345458984375,73.56423950195312,171.09071350097656,81.17100524902344,-538.4537970402744,-96.32443923619576,254.29988121744827,-254.99981689453125,-47.3472785949707,-89.19474792480469,0.6968274712562561,2.6093637943267822,0.0,43.930477142333984,144.82484436035156,123.67938232421875,-0.06021689623594284,-0.25142624974250793,0.08471883833408356,0.9622793197631836,1
84640,113.50860595703125,191.66160583496094,-21.58860206604004,67.15071105957031,169.39443969726562,79.51200103759766,-1271.892889643088,-302.02692240080796,482.2207943677349,-361.8433837890625,-100.52938842773438,-99.90533447265625,0.6559059023857117,2.57206130027771,0.0,38.05785369873047,143.76759338378906,123.00318908691406,-0.06854749470949173,-0.21723505854606628,0.0866234302520752,0.9698487520217896,1
84642,101.51460266113281,190.48245239257812,-17.74574851989746,59.79139709472656,167.64645385742188,77.35733795166016,-1430.27912809595,-140.61348124186043,458.2584383028152,-402.2974853515625,-63.640071868896484,-119.42556762695312,0.6031529903411865,2.523552179336548,0.0,31.177391052246094,142.5533905029297,121.44989013671875,-0.055562302470207214,-0.18269099295139313,0.09061474353075027,0.977407693862915,1
84644,89.622314453125,190.97659301757812,-15.206160545349121,52.16718292236328,166.5301513671875,74.74442291259766,-1417.4360537650064,58.89638102054596,302.6922568533919,-428.786376953125,-72.02442932128906,-167.41651916503906,0.5569128394126892,2.2841007709503174,0.0,24.143512725830078,141.92181396484375,119.2985610961914,-0.026660429313778877,-0.1524222195148468,0.08104503899812698,0.9846259951591492,1
84646,79.35700988769531,194.1901092529297,-22.46009635925293,44.1270637512207,165.44517517089844,72.2012710571289,-1223.759763113223,383.09354017395526,-864.7648705092142,-505.48553466796875,-87.31415557861328,-185.03382873535156,0.5379758477210999,1.7252709865570068,0.0,15.86044692993164,141.11245727539062,116.90935516357422,0.032705023884773254,-0.15237441658973694,0.05986665189266205,0.9859657287597656,1
84648,67.60832214355469,189.53660583496094,-26.227928161621094,33.99318313598633,164.2888641357422,69.13712310791016,-1402.3074212148786,-555.4358512014151,-449.7232893933542,-591.3151245117188,-74.70780181884766,-191.9368133544922,0.5121839642524719,1.7261435985565186,0.0,6.144208908081055,139.41067504882812,114.22052764892578,-0.029218612238764763,-0.13979780673980713,0.029435092583298683,0.9893110990524292,1
84649,59.28990936279297,184.5066375732422,-27.84886932373047,28.42327117919922,163.7619171142578,68.24302673339844,-993.67836214212,-600.8562878114171,-193.6299870593939,-636.6201171875,-63.01430892944336,-106.73950958251953,0.49404996633529663,1.762864589691162,0.0,0.7786216735839844,138.7005157470703,113.414306640625,-0.14136525988578796,-0.09552197903394699,0.02227632887661457,0.9850863814353943,1
84651,40.29983901977539,176.03402709960938,-30.75560760498047,16.325931549072266,162.69398498535156,66.50401306152344,-2266.538901542139,-1011.2390785936732,-346.93054170161486,-722.2161254882812,-68.72608184814453,-85.57437133789062,0.4392049312591553,1.8934404850006104,0.0,-9.750362396240234,137.4901885986328,112.3569107055664,-0.4053782522678375,0.061948951333761215,0.04094637930393219,0.9111279845237732,1
84653,21.94392204284668,158.68849182128906,-41.11494827270508,3.6845054626464844,161.61618041992188,65.14386749267578,-2190.7921074626647,-2070.2023132498143,-1236.3948802935483,-747.3868408203125,-75.88034057617188,-59.96116256713867,0.41568076610565186,2.2155675888061523,0.0,-20.50390625,136.10096740722656,111.64183807373047,0.8263461589813232,-0.2659546732902527,0.027233988046646118,-0.49565958976745605,1
84655,5.617189407348633,143.98358154296875,-50.6297721862793,-8.884281158447266,159.81906127929688,64.1809310913086,-1947.7550880017225,-1754.2740763043985,-1135.1044390113093,-703.4329833984375,-106.68726348876953,-58.423431396484375,0.43834370374679565,2.316419839859009,0.0,-30.8487548828125,134.1831512451172,111.40531921386719,0.9234021902084351,-0.227774515748024,0.06880280375480652,-0.3011864423751831,1
84657,-7.877765655517578,140.21649169921875,-51.255470275878906,-21.945838928222656,158.59375,63.79119873046875,-1611.5517562720197,-449.86146492883563,-74.72013433856773,-750.1213989257812,-51.956424713134766,-27.12234878540039,0.4460223913192749,2.331923246383667,0.0,-41.2681999206543,132.65248107910156,111.71536254882812,0.935945987701416,-0.20348840951919556,0.05321750044822693,-0.28242772817611694,1
84658,-14.62594985961914,138.82180786132812,-50.87840270996094,-28.537925720214844,157.6885528564453,63.39512252807617,-805.0163847424556,-166.37710339250043,44.981814298196696,-751.9218139648438,-107.41315460205078,-46.4903564453125,0.4487036466598511,2.342097282409668,0.0,-46.580326080322266,131.5641326904297,111.70549011230469,0.9383447766304016,-0.1986139714717865,0.04562696814537048,-0.2792487144470215,1
84660,-28.372966766357422,138.41021728515625,-47.848880767822266,-41.627193450927734,156.1239013671875,62.94412612915039,-1640.760041246307,-49.12493927357718,361.5852501282352,-734.4168090820312,-97.43800354003906,-16.64647674560547,0.46003037691116333,2.3519911766052246,0.0,-56.7514762878418,129.74386596679688,112.15267181396484,0.9313977956771851,-0.21551375091075897,0.023592859506607056,-0.29239562153816223,1
84662,-40.93046188354492,139.8565673828125,-43.42378234863281,-54.351680755615234,154.9324493408203,62.820003509521484,-1499.4023963324726,172.69851846434176,528.3699584846618,-713.7598266601562,-71.02030944824219,15.31767463684082,0.49635499715805054,2.345778226852417,0.0,-66.74143981933594,127.81719970703125,112.5207290649414,0.9141725301742554,-0.21229395270347595,-0.00256425142288208,-0.34527283906936646,1
84664,-52.44184494018555,142.40789794921875,-36.762638092041016,-66.84687805175781,154.06858825683594,62.70316696166992,-1375.1685161073692,304.786093194969,795.7511115599773,-700.0574340820312,-39.53034591674805,-5.7179856300354,0.5356121063232422,2.3151841163635254,0.0,-76.13148498535156,126.33976745605469,112.77057647705078,0.8872588276863098,-0.16956788301467896,-0.03819110989570618,-0.4272702932357788,1
84666,-63.51677322387695,147.4085693359375,-26.869083404541016,-78.00112915039062,153.0567169189453,62.938140869140625,-1321.7306544315652,596.8021187367849,1180.7403331920505,-617.5574951171875,-54.24654006958008,9.387126922607422,0.5641674995422363,2.2312371730804443,0.0,-85.146728515625,125.59765625,113.54254913330078,-0.8077618479728699,0.1260666847229004,0.08893274515867233,0.5689628720283508,1
84668,-76.28547668457031,160.85621643066406,-6.889298915863037,-88.34231567382812,151.86688232421875,63.66364669799805,-1524.7831133517611,1605.8596135053085,2385.899092302152,-584.4215698242188,-82.67832946777344,53.42631149291992,0.5813649296760559,1.9476724863052368,0.006135443691164255,-92.78765869140625,124.37421417236328,114.59446716308594,-0.3469689190387726,0.04514870047569275,0.15670719742774963,0.9235892295837402,1
84669,-81.54127502441406,167.80184936523438,0.5144574046134949,-92.96311950683594,151.51608276367188,64.16397094726562,-627.8995678601786,829.7806795726065,884.5117513217765,-519.0792846679688,-41.59252166748047,60.31239700317383,0.5971821546554565,1.8715510368347168,0.03634750843048096,-96.38510131835938,123.91719055175781,115.12296295166016,-0.17767773568630219,0.011966466903686523,0.16803467273712158,0.9695626497268677,1
84671,-89.40092468261719,172.70272827148438,4.197269916534424,-101.00001525878906,150.75039672851562,64.92881774902344,-938.4531546616927,585.1717913895845,439.7329614091086,-413.4955749511719,-26.013446807861328,33.86884307861328,0.6370529532432556,1.9081871509552002,0.0,-102.59210205078125,123.21537017822266,115.95439147949219,-0.1050548255443573,-0.012043057940900326,0.18528448045253754,0.9769790768623352,1
84673,-96.18376159667969,173.26185607910156,4.519258975982666,-107.10624694824219,150.61602783203125,65.335693359375,-809.7835409268737,66.75267319846898,38.4413548494922,-296.62554931640625,-14.35020637512207,21.16684913635254,0.6635667681694031,1.993080973625183,0.0,-107.57762145996094,122.77381896972656,116.24861145019531,-0.10152994841337204,-0.016700178384780884,0.19952897727489471,0.9744747281074524,1
84675,-101.68498229980469,173.70582580566406,3.9661943912506104,-111.83515930175781,150.7422637939453,66.34815216064453,-657.2632876876742,53.043682095594704,-66.07788832360711,-239.270751953125,19.844465255737305,71.13773345947266,0.6692971587181091,2.0281145572662354,0.0,-111.78224182128906,122.66035461425781,117.09113311767578,-0.09584081918001175,-0.01169314980506897,0.20466338098049164,0.9740588665008545,1
84677,-105.76004028320312,174.14437866210938,2.810596227645874,-115.60325622558594,151.23374938964844,67.5820541381836,-486.30957007873803,52.33605311717838,-137.9068588510563,-170.370361328125,30.513835906982422,75.30038452148438,0.6684925556182861,2.089967966079712,0.0,-115.13822937011719,122.98428344726562,118.16549682617188,-0.09751830250024796,-0.010105042718350887,0.205571249127388,0.9737189412117004,1
84679,-108.21977233886719,174.39402770996094,1.8673536777496338,-118.20977783203125,151.82415771484375,68.57154846191406,-293.21309608372394,29.759489488438703,-112.43951054592253,-107.18751525878906,41.711456298828125,56.27411651611328,0.6580605506896973,2.2175941467285156,0.0,-117.35931396484375,123.29712677001953,118.9756088256836,-0.10554246604442596,-0.011991053819656372,0.20565512776374817,0.9728427529335022,1
84680,-108.97796630859375,174.50804138183594,1.5157527923583984,-119.1727294921875,152.13308715820312,68.99549102783203,-84.39966715173796,24.018431230448186,-27.94600530633761,-84.90953063964844,37.831459045410156,52.17768859863281,0.6525005102157593,2.3065261840820312,0.0,-118.20259094238281,123.53176879882812,119.34974670410156,-0.10668573528528214,-0.015424071811139584,0.20409558713436127,0.9729980826377869,1
84682,-108.55671691894531,174.46209716796875,1.4119477272033691,-120.60685729980469,152.59786987304688,69.4256820678711,44.18587202031631,-15.895836942945607,-26.42309977251898,-46.20387649536133,32.740318298339844,18.253856658935547,0.6495281457901001,2.4839680194854736,0.0,-119.43605041503906,123.85382843017578,119.70551300048828,-0.11385875195264816,-0.03470262885093689,0.19807246327400208,0.972933292388916,1
84684,-107.8916015625,174.1376190185547,1.5842876434326172,-120.96084594726562,152.92181396484375,69.19954681396484,79.31994367402513,-38.6964280490065,20.552814358623436,21.932851791381836,22.082170486450195,-21.131319046020508,0.6467928290367126,2.5704307556152344,0.0,-119.78245544433594,124.10860443115234,119.44853210449219,-0.11798543483018875,-0.042056854814291,0.1937934309244156,0.9730132222175598,1
84686,-107.03988647460938,173.1536102294922,1.809164047241211,-120.79580688476562,153.59335327148438,68.91720581054688,101.62047735834494,-117.40480389632285,26.830624262220226,43.33605194091797,52.49324035644531,-4.843969345092773,0.649520993232727,2.6088829040527344,0.00018362296395935118,-119.78665161132812,124.80274200439453,119.19823455810547,-0.1359788179397583,-0.042702194303274155,0.19000889360904694,0.9713819622993469,1
84688,-103.22389221191406,169.365966796875,-5.644082069396973,-120.89593505859375,154.74122619628906,70.11393737792969,455.35113154677674,-451.96811216371134,-889.3734684262017,16.440561294555664,82.5861587524414,107.64527893066406,0.6646248698234558,2.692209005355835,0.2546089291572571,-119.79856872558594,125.6006088256836,120.0780258178711,-0.2847736179828644,-0.08416134119033813,0.17268863320350647,0.9391483068466187,1
84690,-99.26234436035156,167.42205810546875,-21.120956420898438,-121.26203918457031,156.39654541015625,72.66944122314453,472.61935033183545,-231.91159043414518,-1846.417252864696,2.0568294525146484,95.79444885253906,176.33523559570312,0.6555002331733704,2.7925057411193848,0.8767952919006348,-119.86085510253906,125.90890502929688,121.63836669921875,-0.5320780277252197,-0.17496268451213837,0.12850141525268555,0.8183937668800354,1
